"GroupName","OptionSet","Exploit","Refine","Seconds","Filter","All","PQuits","DQuits","Settles","Trial","Shifting","ShiftingOccursIfTrial","ShiftingValueIfTrial","PQuits","DQuits","POffer","DOffer","DMSAcc","DMSAccL1","DMSTrialRelAccL1","AccSq","Accuracy","Accuracy_ForPlaintiff","Accuracy_ForDefendant","TrialRelativeAccSq","TrialRelativeAccuracy","TrialRelativeAccuracy_ForPlaintiff","TrialRelativeAccuracy_ForDefendant","SettlementOrJudgment","DsProportionOfCost","DsProportionOfCostIfTrial","TrialValuePreShiftingIfOccurs","TrialValueWithShiftingIfOccurs","PTrialEffect_IfOccurs","DTrialEffect_IfOccurs","ResolutionValueIncludingShiftedAmount","SettlementValue","PWealth","DWealth","PWelfare","DWelfare","PQuality","DQuality","NQuality","QualitySum","PBestGuess","DBestGuess","QualitySum_PInfo","QualitySum_DInfo","PBias","DBias","NBias","BiasSum","BiasSum_PInfo","BiasSum_DInfo","Quality","Alpha_Quality","Alpha_Both_Quality","Alpha_Plaintiff_Quality","Alpha_Defendant_Quality","Alpha_Plaintiff_Bias","Alpha_Defendant_Bias","Evidence_Both_Quality","TrialCost","FeeShifting","FSMargin","FeeShiftingThreshold"
"wtaesq","wtaesq;q0.833;c0.063;t0.7400","4.51E-17","5.092E-11","67","All",1,0,0.7,0,0.3,0.21,0.41,-0.0034375,0,0.7,1.46251,-1,0.0119857,0.109479,0.0028125,0.07267,0.213229,0.207604,0.218854,0.000205078,0.0065625,0.0065625,0.0121875,0.94,0.545,0.445,0.94,0.936563,0.905313,0.0321875,0.942813,,0.933437,0.0478125,0.933437,0.0478125,-0.05,-0.05,-0.5,0.833333,0.666667,0.666667,0.833333,0.833333,0.5,0.5,0.5,0.5,0.5,0.5,0.833333,0.5,1,0,0,0.5,0.5,0.833333,0.0625,1,0,0.74
"wtaesq","wtaesq;q0.833;c0.063;t0.7400","4.51E-17","5.092E-11","67","PBias1",0.1,0,0.7,0,0.3,0.3,0.5,-0.015625,0,0.7,0.85,-1,0.0203657,0.142708,0.009375,0.243696,0.376042,0.385417,0.366667,0.000292969,0.009375,0.01875,0,0.7,0.35,0.25,0.7,0.684375,0.653125,0.284375,0.690625,,0.68125,0.3,0.68125,0.3,-0.05,-0.05,-0.5,0.833333,0.554167,0.666667,0.833333,0.833333,0.05,0.5,0.5,0.275,0.05,0.5,0.833333,0.5,1,0,0,0.5,0.5,0.833333,0.0625,1,0,0.74
"wtaesq","wtaesq;q0.833;c0.063;t0.7400","4.51E-17","5.092E-11","67","PBias2",0.1,0,0.7,0,0.3,0.2,0.4,-0.0125,0,0.7,0.925053,-1,0.0015668,0.0395833,0.00625,0.171723,0.30625,0.309375,0.303125,0.000195313,0.00625,0.015625,0.003125,0.8,0.4,0.3,0.8,0.7875,0.75625,0.18125,0.79375,,0.784375,0.196875,0.784375,0.196875,-0.05,-0.05,-0.5,0.833333,0.579167,0.666667,0.833333,0.833333,0.15,0.5,0.5,0.325,0.15,0.5,0.833333,0.5,1,0,0,0.5,0.5,0.833333,0.0625,1,0,0.74
"wtaesq","wtaesq;q0.833;c0.063;t0.7400","4.51E-17","5.092E-11","67","PBias3",0.1,0,0.7,0,0.3,0.1,0.3,-0.009375,0,0.7,0.95,-1,0.0040375,0.0635417,0.003125,0.09975,0.236458,0.233333,0.239583,9.76563E-05,0.003125,0.0125,0.00625,0.9,0.45,0.35,0.9,0.890625,0.859375,0.078125,0.896875,,0.8875,0.09375,0.8875,0.09375,-0.05,-0.05,-0.5,0.833333,0.604167,0.666667,0.833333,0.833333,0.25,0.5,0.5,0.375,0.25,0.5,0.833333,0.5,1,0,0,0.5,0.5,0.833333,0.0625,1,0,0.74
"wtaesq","wtaesq;q0.833;c0.063;t0.7400","4.51E-17","5.092E-11","67","PBias4",0.1,0,0.7,0,0.3,0,0.2,-0.00625,0,0.7,0.95,-1,0.0277778,0.166667,0,0.027778,0.166667,0.157292,0.176042,0,0,0.009375,0.009375,1,0.5,0.4,1,0.99375,0.9625,-0.025,1,,0.990625,-0.009375,0.990625,-0.009375,-0.05,-0.05,-0.5,0.833333,0.629167,0.666667,0.833333,0.833333,0.35,0.5,0.5,0.425,0.35,0.5,0.833333,0.5,1,0,0,0.5,0.5,0.833333,0.0625,1,0,0.74
"wtaesq","wtaesq;q0.833;c0.063;t0.7400","4.51E-17","5.092E-11","67","PBias5",0.1,0,0.7,0,0.3,0,0.2,-0.00625,0,0.7,0.95,-1,0.0277778,0.166667,0,0.027778,0.166667,0.157292,0.176042,0,0,0.009375,0.009375,1,0.5,0.4,1,0.99375,0.9625,-0.025,1,,0.990625,-0.009375,0.990625,-0.009375,-0.05,-0.05,-0.5,0.833333,0.654167,0.666667,0.833333,0.833333,0.45,0.5,0.5,0.475,0.45,0.5,0.833333,0.5,1,0,0,0.5,0.5,0.833333,0.0625,1,0,0.74
"wtaesq","wtaesq;q0.833;c0.063;t0.7400","4.51E-17","5.092E-11","67","PBias6",0.1,0,0.7,0,0.3,0.3,0.5,0.003125,0,0.7,2,-1,0.0309907,0.176042,0.009375,0.031196,0.176042,0.166667,0.185417,0.000292969,0.009375,0,0.01875,1,0.65,0.55,1,1.00313,0.971875,-0.034375,1.00938,,1,-0.01875,1,-0.01875,-0.05,-0.05,-0.5,0.833333,0.679167,0.666667,0.833333,0.833333,0.55,0.5,0.5,0.525,0.55,0.5,0.833333,0.5,1,0,0,0.5,0.5,0.833333,0.0625,1,0,0.74
"wtaesq","wtaesq;q0.833;c0.063;t0.7400","4.51E-17","5.092E-11","67","PBias7",0.1,0,0.7,0,0.3,0.3,0.5,0.003125,0,0.7,2,-1,0.0309907,0.176042,0.009375,0.031196,0.176042,0.166667,0.185417,0.000292969,0.009375,0,0.01875,1,0.65,0.55,1,1.00313,0.971875,-0.034375,1.00938,,1,-0.01875,1,-0.01875,-0.05,-0.05,-0.5,0.833333,0.704167,0.666667,0.833333,0.833333,0.65,0.5,0.5,0.575,0.65,0.5,0.833333,0.5,1,0,0,0.5,0.5,0.833333,0.0625,1,0,0.74
"wtaesq","wtaesq;q0.833;c0.063;t0.7400","4.51E-17","5.092E-11","67","PBias8",0.1,0,0.7,0,0.3,0.3,0.5,0.003125,0,0.7,2,-1,0.0309907,0.176042,0.009375,0.031196,0.176042,0.166667,0.185417,0.000292969,0.009375,0,0.01875,1,0.65,0.55,1,1.00313,0.971875,-0.034375,1.00938,,1,-0.01875,1,-0.01875,-0.05,-0.05,-0.5,0.833333,0.729167,0.666667,0.833333,0.833333,0.75,0.5,0.5,0.625,0.75,0.5,0.833333,0.5,1,0,0,0.5,0.5,0.833333,0.0625,1,0,0.74
"wtaesq","wtaesq;q0.833;c0.063;t0.7400","4.51E-17","5.092E-11","67","PBias9",0.1,0,0.7,0,0.3,0.3,0.5,0.003125,0,0.7,2,-1,0.0309907,0.176042,0.009375,0.031196,0.176042,0.166667,0.185417,0.000292969,0.009375,0,0.01875,1,0.65,0.55,1,1.00313,0.971875,-0.034375,1.00938,,1,-0.01875,1,-0.01875,-0.05,-0.05,-0.5,0.833333,0.754167,0.666667,0.833333,0.833333,0.85,0.5,0.5,0.675,0.85,0.5,0.833333,0.5,1,0,0,0.5,0.5,0.833333,0.0625,1,0,0.74
"wtaesq","wtaesq;q0.833;c0.063;t0.7400","4.51E-17","5.092E-11","67","PBias10",0.1,0,0.7,0,0.3,0.3,0.5,0.003125,0,0.7,2,-1,0.0309907,0.176042,0.009375,0.031196,0.176042,0.166667,0.185417,0.000292969,0.009375,0,0.01875,1,0.65,0.55,1,1.00313,0.971875,-0.034375,1.00938,,1,-0.01875,1,-0.01875,-0.05,-0.05,-0.5,0.833333,0.779167,0.666667,0.833333,0.833333,0.95,0.5,0.5,0.725,0.95,0.5,0.833333,0.5,1,0,0,0.5,0.5,0.833333,0.0625,1,0,0.74
"wtaesq","wtaesq;q0.833;c0.063;t0.7400","4.51E-17","5.092E-11","67","DBias1",0.1,0,0,0,1,0.8,0.8,0.00625,0,0,1.46251,-1,0.0161502,0.127083,0.00625,0.249392,0.391667,0.379167,0.404167,0.00078125,0.025,0.025,0.0375,0.7,0.6,0.6,0.7,0.70625,0.675,0.2625,0.70625,,0.675,0.2625,0.675,0.2625,-0.05,-0.05,-0.5,0.833333,0.666667,0.554167,0.833333,0.833333,0.5,0.05,0.5,0.275,0.5,0.05,0.833333,0.5,1,0,0,0.5,0.5,0.833333,0.0625,1,0,0.74
"wtaesq","wtaesq;q0.833;c0.063;t0.7400","4.51E-17","5.092E-11","67","DBias2",0.1,0,0,0,1,0.7,0.7,0.009375,0,0,1.46251,-1,0.000574,0.0239583,0.009375,0.17742,0.321875,0.303125,0.340625,0.000683594,0.021875,0.021875,0.040625,0.8,0.65,0.65,0.8,0.809375,0.778125,0.159375,0.809375,,0.778125,0.159375,0.778125,0.159375,-0.05,-0.05,-0.5,0.833333,0.666667,0.579167,0.833333,0.833333,0.5,0.15,0.5,0.325,0.5,0.15,0.833333,0.5,1,0,0,0.5,0.5,0.833333,0.0625,1,0,0.74
"wtaesq","wtaesq;q0.833;c0.063;t0.7400","4.51E-17","5.092E-11","67","DBias3",0.1,0,0,0,1,0.6,0.6,0.0125,0,0,1.46251,-1,0.0062674,0.0791667,0.0125,0.105447,0.252083,0.227083,0.277083,0.000585938,0.01875,0.01875,0.04375,0.9,0.7,0.7,0.9,0.9125,0.88125,0.05625,0.9125,,0.88125,0.05625,0.88125,0.05625,-0.05,-0.05,-0.5,0.833333,0.666667,0.604167,0.833333,0.833333,0.5,0.25,0.5,0.375,0.5,0.25,0.833333,0.5,1,0,0,0.5,0.5,0.833333,0.0625,1,0,0.74
"wtaesq","wtaesq;q0.833;c0.063;t0.7400","4.51E-17","5.092E-11","67","DBias4",0.1,0,1,0,0,0,1,-0.03125,0,1,,,0.0277778,0.166667,0,0.027778,0.166667,0.166667,0.166667,0,0,0,0,1,0.5,0,1,0.96875,0.9375,0,1,,1,0,1,0,-0.05,-0.05,-0.5,0.833333,0.666667,0.629167,0.833333,0.833333,0.5,0.35,0.5,0.425,0.5,0.35,0.833333,0.5,1,0,0,0.5,0.5,0.833333,0.0625,1,0,0.74
"wtaesq","wtaesq;q0.833;c0.063;t0.7400","4.51E-17","5.092E-11","67","DBias5",0.1,0,1,0,0,0,1,-0.03125,0,1,,,0.0277778,0.166667,0,0.027778,0.166667,0.166667,0.166667,0,0,0,0,1,0.5,0,1,0.96875,0.9375,0,1,,1,0,1,0,-0.05,-0.05,-0.5,0.833333,0.666667,0.654167,0.833333,0.833333,0.5,0.45,0.5,0.475,0.5,0.45,0.833333,0.5,1,0,0,0.5,0.5,0.833333,0.0625,1,0,0.74
"wtaesq","wtaesq;q0.833;c0.063;t0.7400","4.51E-17","5.092E-11","67","DBias6",0.1,0,1,0,0,0,0,0,0,1,,,0.0277778,0.166667,0,0.027778,0.166667,0.166667,0.166667,0,0,0,0,1,0.5,0.5,1,1,0.96875,-0.03125,1,,1,0,1,0,-0.05,-0.05,-0.5,0.833333,0.666667,0.679167,0.833333,0.833333,0.5,0.55,0.5,0.525,0.5,0.55,0.833333,0.5,1,0,0,0.5,0.5,0.833333,0.0625,1,0,0.74
"wtaesq","wtaesq;q0.833;c0.063;t0.7400","4.51E-17","5.092E-11","67","DBias7",0.1,0,1,0,0,0,0,0,0,1,,,0.0277778,0.166667,0,0.027778,0.166667,0.166667,0.166667,0,0,0,0,1,0.5,0.5,1,1,0.96875,-0.03125,1,,1,0,1,0,-0.05,-0.05,-0.5,0.833333,0.666667,0.704167,0.833333,0.833333,0.5,0.65,0.5,0.575,0.5,0.65,0.833333,0.5,1,0,0,0.5,0.5,0.833333,0.0625,1,0,0.74
"wtaesq","wtaesq;q0.833;c0.063;t0.7400","4.51E-17","5.092E-11","67","DBias8",0.1,0,1,0,0,0,0,0,0,1,,,0.0277778,0.166667,0,0.027778,0.166667,0.166667,0.166667,0,0,0,0,1,0.5,0.5,1,1,0.96875,-0.03125,1,,1,0,1,0,-0.05,-0.05,-0.5,0.833333,0.666667,0.729167,0.833333,0.833333,0.5,0.75,0.5,0.625,0.5,0.75,0.833333,0.5,1,0,0,0.5,0.5,0.833333,0.0625,1,0,0.74
"wtaesq","wtaesq;q0.833;c0.063;t0.7400","4.51E-17","5.092E-11","67","DBias9",0.1,0,1,0,0,0,0,0,0,1,,,0.0277778,0.166667,0,0.027778,0.166667,0.166667,0.166667,0,0,0,0,1,0.5,0.5,1,1,0.96875,-0.03125,1,,1,0,1,0,-0.05,-0.05,-0.5,0.833333,0.666667,0.754167,0.833333,0.833333,0.5,0.85,0.5,0.675,0.5,0.85,0.833333,0.5,1,0,0,0.5,0.5,0.833333,0.0625,1,0,0.74
"wtaesq","wtaesq;q0.833;c0.063;t0.7400","4.51E-17","5.092E-11","67","DBias10",0.1,0,1,0,0,0,0,0,0,1,,,0.0277778,0.166667,0,0.027778,0.166667,0.166667,0.166667,0,0,0,0,1,0.5,0.5,1,1,0.96875,-0.03125,1,,1,0,1,0,-0.05,-0.05,-0.5,0.833333,0.666667,0.779167,0.833333,0.833333,0.5,0.95,0.5,0.725,0.5,0.95,0.833333,0.5,1,0,0,0.5,0.5,0.833333,0.0625,1,0,0.74
"wtaesq","wtaesq;q0.833;c0.063;t0.7400","4.51E-17","5.092E-11","67","POffer1",0,,,,,,,,,,,,,,,,,,,,,,,,,,,,,,,,,,,,,,,,,,,,,,,,,,,,,,,,,,,,,
"wtaesq","wtaesq;q0.833;c0.063;t0.7400","4.51E-17","5.092E-11","67","POffer2",0,,,,,,,,,,,,,,,,,,,,,,,,,,,,,,,,,,,,,,,,,,,,,,,,,,,,,,,,,,,,,
"wtaesq","wtaesq;q0.833;c0.063;t0.7400","4.51E-17","5.092E-11","67","POffer3",0,,,,,,,,,,,,,,,,,,,,,,,,,,,,,,,,,,,,,,,,,,,,,,,,,,,,,,,,,,,,,
"wtaesq","wtaesq;q0.833;c0.063;t0.7400","4.51E-17","5.092E-11","67","POffer4",0,,,,,,,,,,,,,,,,,,,,,,,,,,,,,,,,,,,,,,,,,,,,,,,,,,,,,,,,,,,,,
"wtaesq","wtaesq;q0.833;c0.063;t0.7400","4.51E-17","5.092E-11","67","POffer5",0,,,,,,,,,,,,,,,,,,,,,,,,,,,,,,,,,,,,,,,,,,,,,,,,,,,,,,,,,,,,,
"wtaesq","wtaesq;q0.833;c0.063;t0.7400","4.51E-17","5.092E-11","67","POffer6",0,,,,,,,,,,,,,,,,,,,,,,,,,,,,,,,,,,,,,,,,,,,,,,,,,,,,,,,,,,,,,
"wtaesq","wtaesq;q0.833;c0.063;t0.7400","4.51E-17","5.092E-11","67","POffer7",0,,,,,,,,,,,,,,,,,,,,,,,,,,,,,,,,,,,,,,,,,,,,,,,,,,,,,,,,,,,,,
"wtaesq","wtaesq;q0.833;c0.063;t0.7400","4.51E-17","5.092E-11","67","POffer8",0,,,,,,,,,,,,,,,,,,,,,,,,,,,,,,,,,,,,,,,,,,,,,,,,,,,,,,,,,,,,,
"wtaesq","wtaesq;q0.833;c0.063;t0.7400","4.51E-17","5.092E-11","67","POffer9",0,,,,,,,,,,,,,,,,,,,,,,,,,,,,,,,,,,,,,,,,,,,,,,,,,,,,,,,,,,,,,
"wtaesq","wtaesq;q0.833;c0.063;t0.7400","4.51E-17","5.092E-11","67","POffer10",0.0375,0,0,0,1,0.933447,0.933447,-0.0291702,0,0,0.85,-1,0.633537,0.79595,0.0291702,0.699604,0.818135,0.845225,0.791044,0.000911569,0.0291702,0.0604202,0.00207979,0.0665533,0.0332766,0.0332766,0.0665533,0.0373831,0.00613308,0.931367,0.0373831,,0.00613308,0.931367,0.00613308,0.931367,-0.05,-0.05,-0.5,0.833333,0.559158,0.579167,0.833333,0.833333,0.069966,0.15,0.5,0.109983,0.069966,0.15,0.833333,0.5,1,0,0,0.5,0.5,0.833333,0.0625,1,0,0.74
"wtaesq","wtaesq;q0.833;c0.063;t0.7400","4.51E-17","5.092E-11","67","POffer11",0.1125,0,0,0,1,0.222285,0.222285,-0.00694641,0,0,0.95,-1,0.0039144,0.0625649,0.00694641,0.187762,0.321803,0.304446,0.33916,0.000217075,0.00694641,0.0381964,0.0243036,0.777715,0.388857,0.388857,0.777715,0.770768,0.739518,0.197982,0.770768,,0.739518,0.197982,0.739518,0.197982,-0.05,-0.05,-0.5,0.833333,0.619161,0.579167,0.833333,0.833333,0.309977,0.15,0.5,0.229989,0.309977,0.15,0.833333,0.5,1,0,0,0.5,0.5,0.833333,0.0625,1,0,0.74
"wtaesq","wtaesq;q0.833;c0.063;t0.7400","4.51E-17","5.092E-11","67","POffer12",0.15,0,0,0,1,1,1,0.03125,0,0,2,-1,0.039171,0.197917,0.03125,0.039171,0.197917,0.166667,0.229167,0.000976563,0.03125,0,0.0625,1,1,1,1,1.03125,1,-0.0625,1.03125,,1,-0.0625,1,-0.0625,-0.05,-0.05,-0.5,0.833333,0.729167,0.579167,0.833333,0.833333,0.75,0.15,0.5,0.45,0.75,0.15,0.833333,0.5,1,0,0,0.5,0.5,0.833333,0.0625,1,0,0.74
"wtaesq","wtaesq;q0.833;c0.063;t0.7400","4.51E-17","5.092E-11","67","DOffer1",0.3,0,0,0,1,0.7,0.7,0.009375,0,0,1.46251,-1,0.000574,0.0239583,0.009375,0.17742,0.321875,0.303125,0.340625,0.000683594,0.021875,0.021875,0.040625,0.8,0.65,0.65,0.8,0.809375,0.778125,0.159375,0.809375,,0.778125,0.159375,0.778125,0.159375,-0.05,-0.05,-0.5,0.833333,0.666667,0.579167,0.833333,0.833333,0.5,0.15,0.5,0.325,0.5,0.15,0.833333,0.5,1,0,0,0.5,0.5,0.833333,0.0625,1,0,0.74
"wtaesq","wtaesq;q0.833;c0.063;t0.7400","4.51E-17","5.092E-11","67","DOffer2",0,,,,,,,,,,,,,,,,,,,,,,,,,,,,,,,,,,,,,,,,,,,,,,,,,,,,,,,,,,,,,
"wtaesq","wtaesq;q0.833;c0.063;t0.7400","4.51E-17","5.092E-11","67","DOffer3",0,,,,,,,,,,,,,,,,,,,,,,,,,,,,,,,,,,,,,,,,,,,,,,,,,,,,,,,,,,,,,
"wtaesq","wtaesq;q0.833;c0.063;t0.7400","4.51E-17","5.092E-11","67","DOffer4",0,,,,,,,,,,,,,,,,,,,,,,,,,,,,,,,,,,,,,,,,,,,,,,,,,,,,,,,,,,,,,
"wtaesq","wtaesq;q0.833;c0.063;t0.7400","4.51E-17","5.092E-11","67","DOffer5",0,,,,,,,,,,,,,,,,,,,,,,,,,,,,,,,,,,,,,,,,,,,,,,,,,,,,,,,,,,,,,
"wtaesq","wtaesq;q0.833;c0.063;t0.7400","4.51E-17","5.092E-11","67","DOffer6",0,,,,,,,,,,,,,,,,,,,,,,,,,,,,,,,,,,,,,,,,,,,,,,,,,,,,,,,,,,,,,
"wtaesq","wtaesq;q0.833;c0.063;t0.7400","4.51E-17","5.092E-11","67","DOffer7",0,,,,,,,,,,,,,,,,,,,,,,,,,,,,,,,,,,,,,,,,,,,,,,,,,,,,,,,,,,,,,
"wtaesq","wtaesq;q0.833;c0.063;t0.7400","4.51E-17","5.092E-11","67","DOffer8",0,,,,,,,,,,,,,,,,,,,,,,,,,,,,,,,,,,,,,,,,,,,,,,,,,,,,,,,,,,,,,
"wtaesq","wtaesq;q0.833;c0.063;t0.7400","4.51E-17","5.092E-11","67","DOffer9",0,,,,,,,,,,,,,,,,,,,,,,,,,,,,,,,,,,,,,,,,,,,,,,,,,,,,,,,,,,,,,
"wtaesq","wtaesq;q0.833;c0.063;t0.7400","4.51E-17","5.092E-11","67","DOffer10",0,,,,,,,,,,,,,,,,,,,,,,,,,,,,,,,,,,,,,,,,,,,,,,,,,,,,,,,,,,,,,
"wtaesq","wtaesq;q0.833;c0.063;t0.7400","4.51E-17","5.092E-11","67","DOffer11",0,,,,,,,,,,,,,,,,,,,,,,,,,,,,,,,,,,,,,,,,,,,,,,,,,,,,,,,,,,,,,
"wtaesq","wtaesq;q0.833;c0.063;t0.7400","4.51E-17","5.092E-11","67","DOffer12",0,,,,,,,,,,,,,,,,,,,,,,,,,,,,,,,,,,,,,,,,,,,,,,,,,,,,,,,,,,,,,
"wtaesq","wtaesq;q0.833;c0.063;t0.7400","4.51E-17","5.092E-11","67","QualitySum1",0,,,,,,,,,,,,,,,,,,,,,,,,,,,,,,,,,,,,,,,,,,,,,,,,,,,,,,,,,,,,,
"wtaesq","wtaesq;q0.833;c0.063;t0.7400","4.51E-17","5.092E-11","67","QualitySum2",0,,,,,,,,,,,,,,,,,,,,,,,,,,,,,,,,,,,,,,,,,,,,,,,,,,,,,,,,,,,,,
"wtaesq","wtaesq;q0.833;c0.063;t0.7400","4.51E-17","5.092E-11","67","QualitySum3",0,,,,,,,,,,,,,,,,,,,,,,,,,,,,,,,,,,,,,,,,,,,,,,,,,,,,,,,,,,,,,
"wtaesq","wtaesq;q0.833;c0.063;t0.7400","4.51E-17","5.092E-11","67","QualitySum4",0,,,,,,,,,,,,,,,,,,,,,,,,,,,,,,,,,,,,,,,,,,,,,,,,,,,,,,,,,,,,,
"wtaesq","wtaesq;q0.833;c0.063;t0.7400","4.51E-17","5.092E-11","67","QualitySum5",0,,,,,,,,,,,,,,,,,,,,,,,,,,,,,,,,,,,,,,,,,,,,,,,,,,,,,,,,,,,,,
"wtaesq","wtaesq;q0.833;c0.063;t0.7400","4.51E-17","5.092E-11","67","QualitySum6",0,,,,,,,,,,,,,,,,,,,,,,,,,,,,,,,,,,,,,,,,,,,,,,,,,,,,,,,,,,,,,
"wtaesq","wtaesq;q0.833;c0.063;t0.7400","4.51E-17","5.092E-11","67","QualitySum7",0,,,,,,,,,,,,,,,,,,,,,,,,,,,,,,,,,,,,,,,,,,,,,,,,,,,,,,,,,,,,,
"wtaesq","wtaesq;q0.833;c0.063;t0.7400","4.51E-17","5.092E-11","67","QualitySum8",0,,,,,,,,,,,,,,,,,,,,,,,,,,,,,,,,,,,,,,,,,,,,,,,,,,,,,,,,,,,,,
"wtaesq","wtaesq;q0.833;c0.063;t0.7400","4.51E-17","5.092E-11","67","QualitySum9",0,,,,,,,,,,,,,,,,,,,,,,,,,,,,,,,,,,,,,,,,,,,,,,,,,,,,,,,,,,,,,
"wtaesq","wtaesq;q0.833;c0.063;t0.7400","4.51E-17","5.092E-11","67","QualitySum10",0,,,,,,,,,,,,,,,,,,,,,,,,,,,,,,,,,,,,,,,,,,,,,,,,,,,,,,,,,,,,,
"wtaesq","wtaesq;q0.833;c0.063;t0.7400","4.51E-17","5.092E-11","67","QualitySum11",0,,,,,,,,,,,,,,,,,,,,,,,,,,,,,,,,,,,,,,,,,,,,,,,,,,,,,,,,,,,,,
"wtaesq","wtaesq;q0.833;c0.063;t0.7400","4.51E-17","5.092E-11","67","QualitySum12",0,,,,,,,,,,,,,,,,,,,,,,,,,,,,,,,,,,,,,,,,,,,,,,,,,,,,,,,,,,,,,
"wtaesq","wtaesq;q0.833;c0.063;t0.7400","4.51E-17","5.092E-11","67","QualitySum13",0,,,,,,,,,,,,,,,,,,,,,,,,,,,,,,,,,,,,,,,,,,,,,,,,,,,,,,,,,,,,,
"wtaesq","wtaesq;q0.833;c0.063;t0.7400","4.51E-17","5.092E-11","67","QualitySum14",0,,,,,,,,,,,,,,,,,,,,,,,,,,,,,,,,,,,,,,,,,,,,,,,,,,,,,,,,,,,,,
"wtaesq","wtaesq;q0.833;c0.063;t0.7400","4.51E-17","5.092E-11","67","QualitySum15",0,,,,,,,,,,,,,,,,,,,,,,,,,,,,,,,,,,,,,,,,,,,,,,,,,,,,,,,,,,,,,
"wtaesq","wtaesq;q0.833;c0.063;t0.7400","4.51E-17","5.092E-11","67","QualitySum16",0,,,,,,,,,,,,,,,,,,,,,,,,,,,,,,,,,,,,,,,,,,,,,,,,,,,,,,,,,,,,,
"wtaesq","wtaesq;q0.833;c0.063;t0.7400","4.51E-17","5.092E-11","67","QualitySum17",1,0,0.7,0,0.3,0.21,0.41,-0.0034375,0,0.7,1.46251,-1,0.0119857,0.109479,0.0028125,0.07267,0.213229,0.207604,0.218854,0.000205078,0.0065625,0.0065625,0.0121875,0.94,0.545,0.445,0.94,0.936563,0.905313,0.0321875,0.942813,,0.933437,0.0478125,0.933437,0.0478125,-0.05,-0.05,-0.5,0.833333,0.666667,0.666667,0.833333,0.833333,0.5,0.5,0.5,0.5,0.5,0.5,0.833333,0.5,1,0,0,0.5,0.5,0.833333,0.0625,1,0,0.74
"wtaesq","wtaesq;q0.833;c0.063;t0.7400","4.51E-17","5.092E-11","67","QualitySum18",0,,,,,,,,,,,,,,,,,,,,,,,,,,,,,,,,,,,,,,,,,,,,,,,,,,,,,,,,,,,,,
"wtaesq","wtaesq;q0.833;c0.063;t0.7400","4.51E-17","5.092E-11","67","QualitySum19",0,,,,,,,,,,,,,,,,,,,,,,,,,,,,,,,,,,,,,,,,,,,,,,,,,,,,,,,,,,,,,
"wtaesq","wtaesq;q0.833;c0.063;t0.7400","4.51E-17","5.092E-11","67","QualitySum20",0,,,,,,,,,,,,,,,,,,,,,,,,,,,,,,,,,,,,,,,,,,,,,,,,,,,,,,,,,,,,,
"wtaesq","wtaesq;q0.833;c0.063;t0.7400","4.51E-17","5.092E-11","67","PBestGuess1",0,,,,,,,,,,,,,,,,,,,,,,,,,,,,,,,,,,,,,,,,,,,,,,,,,,,,,,,,,,,,,
"wtaesq","wtaesq;q0.833;c0.063;t0.7400","4.51E-17","5.092E-11","67","PBestGuess2",0,,,,,,,,,,,,,,,,,,,,,,,,,,,,,,,,,,,,,,,,,,,,,,,,,,,,,,,,,,,,,
"wtaesq","wtaesq;q0.833;c0.063;t0.7400","4.51E-17","5.092E-11","67","PBestGuess3",0,,,,,,,,,,,,,,,,,,,,,,,,,,,,,,,,,,,,,,,,,,,,,,,,,,,,,,,,,,,,,
"wtaesq","wtaesq;q0.833;c0.063;t0.7400","4.51E-17","5.092E-11","67","PBestGuess4",0,,,,,,,,,,,,,,,,,,,,,,,,,,,,,,,,,,,,,,,,,,,,,,,,,,,,,,,,,,,,,
"wtaesq","wtaesq;q0.833;c0.063;t0.7400","4.51E-17","5.092E-11","67","PBestGuess5",0,,,,,,,,,,,,,,,,,,,,,,,,,,,,,,,,,,,,,,,,,,,,,,,,,,,,,,,,,,,,,
"wtaesq","wtaesq;q0.833;c0.063;t0.7400","4.51E-17","5.092E-11","67","PBestGuess6",0,,,,,,,,,,,,,,,,,,,,,,,,,,,,,,,,,,,,,,,,,,,,,,,,,,,,,,,,,,,,,
"wtaesq","wtaesq;q0.833;c0.063;t0.7400","4.51E-17","5.092E-11","67","PBestGuess7",0,,,,,,,,,,,,,,,,,,,,,,,,,,,,,,,,,,,,,,,,,,,,,,,,,,,,,,,,,,,,,
"wtaesq","wtaesq;q0.833;c0.063;t0.7400","4.51E-17","5.092E-11","67","PBestGuess8",0,,,,,,,,,,,,,,,,,,,,,,,,,,,,,,,,,,,,,,,,,,,,,,,,,,,,,,,,,,,,,
"wtaesq","wtaesq;q0.833;c0.063;t0.7400","4.51E-17","5.092E-11","67","PBestGuess9",0,,,,,,,,,,,,,,,,,,,,,,,,,,,,,,,,,,,,,,,,,,,,,,,,,,,,,,,,,,,,,
"wtaesq","wtaesq;q0.833;c0.063;t0.7400","4.51E-17","5.092E-11","67","PBestGuess10",0,,,,,,,,,,,,,,,,,,,,,,,,,,,,,,,,,,,,,,,,,,,,,,,,,,,,,,,,,,,,,
"wtaesq","wtaesq;q0.833;c0.063;t0.7400","4.51E-17","5.092E-11","67","PBestGuess11",0,,,,,,,,,,,,,,,,,,,,,,,,,,,,,,,,,,,,,,,,,,,,,,,,,,,,,,,,,,,,,
"wtaesq","wtaesq;q0.833;c0.063;t0.7400","4.51E-17","5.092E-11","67","PBestGuess12",0.2,0,0.7,0,0.3,0.25,0.45,-0.0140625,0,0.7,0.887527,-1,0.0083076,0.0911458,0.0078125,0.207709,0.341146,0.347396,0.334896,0.000244141,0.0078125,0.0171875,0.0015625,0.75,0.375,0.275,0.75,0.735938,0.704688,0.232813,0.742188,,0.732812,0.248438,0.732812,0.248438,-0.05,-0.05,-0.5,0.833333,0.566667,0.666667,0.833333,0.833333,0.1,0.5,0.5,0.3,0.1,0.5,0.833333,0.5,1,0,0,0.5,0.5,0.833333,0.0625,1,0,0.74
"wtaesq","wtaesq;q0.833;c0.063;t0.7400","4.51E-17","5.092E-11","67","PBestGuess13",0.2,0,0.7,0,0.3,0.05,0.25,-0.0078125,0,0.7,0.95,-1,0.013249,0.115104,0.0015625,0.063764,0.201562,0.195312,0.207812,4.88281E-05,0.0015625,0.0109375,0.0078125,0.95,0.475,0.375,0.95,0.942188,0.910938,0.0265625,0.948438,,0.939063,0.0421875,0.939063,0.0421875,-0.05,-0.05,-0.5,0.833333,0.616667,0.666667,0.833333,0.833333,0.3,0.5,0.5,0.4,0.3,0.5,0.833333,0.5,1,0,0,0.5,0.5,0.833333,0.0625,1,0,0.74
"wtaesq","wtaesq;q0.833;c0.063;t0.7400","4.51E-17","5.092E-11","67","PBestGuess14",0.2,0,0.7,0,0.3,0.15,0.35,-0.0015625,0,0.7,1.475,-1,0.0293623,0.171354,0.0046875,0.029487,0.171354,0.161979,0.180729,0.000146484,0.0046875,0.0046875,0.0140625,1,0.575,0.475,1,0.998438,0.967188,-0.0296875,1.00469,,0.995312,-0.0140625,0.995312,-0.0140625,-0.05,-0.05,-0.5,0.833333,0.666667,0.666667,0.833333,0.833333,0.5,0.5,0.5,0.5,0.5,0.5,0.833333,0.5,1,0,0,0.5,0.5,0.833333,0.0625,1,0,0.74
"wtaesq","wtaesq;q0.833;c0.063;t0.7400","4.51E-17","5.092E-11","67","PBestGuess15",0.2,0,0.7,0,0.3,0.3,0.5,0.003125,0,0.7,2,-1,0.0309907,0.176042,0.009375,0.031196,0.176042,0.166667,0.185417,0.000292969,0.009375,0,0.01875,1,0.65,0.55,1,1.00313,0.971875,-0.034375,1.00938,,1,-0.01875,1,-0.01875,-0.05,-0.05,-0.5,0.833333,0.716667,0.666667,0.833333,0.833333,0.7,0.5,0.5,0.6,0.7,0.5,0.833333,0.5,1,0,0,0.5,0.5,0.833333,0.0625,1,0,0.74
"wtaesq","wtaesq;q0.833;c0.063;t0.7400","4.51E-17","5.092E-11","67","PBestGuess16",0.2,0,0.7,0,0.3,0.3,0.5,0.003125,0,0.7,2,-1,0.0309907,0.176042,0.009375,0.031196,0.176042,0.166667,0.185417,0.000292969,0.009375,0,0.01875,1,0.65,0.55,1,1.00313,0.971875,-0.034375,1.00938,,1,-0.01875,1,-0.01875,-0.05,-0.05,-0.5,0.833333,0.766667,0.666667,0.833333,0.833333,0.9,0.5,0.5,0.7,0.9,0.5,0.833333,0.5,1,0,0,0.5,0.5,0.833333,0.0625,1,0,0.74
"wtaesq","wtaesq;q0.833;c0.063;t0.7400","4.51E-17","5.092E-11","67","PBestGuess17",0,,,,,,,,,,,,,,,,,,,,,,,,,,,,,,,,,,,,,,,,,,,,,,,,,,,,,,,,,,,,,
"wtaesq","wtaesq;q0.833;c0.063;t0.7400","4.51E-17","5.092E-11","67","PBestGuess18",0,,,,,,,,,,,,,,,,,,,,,,,,,,,,,,,,,,,,,,,,,,,,,,,,,,,,,,,,,,,,,
"wtaesq","wtaesq;q0.833;c0.063;t0.7400","4.51E-17","5.092E-11","67","PBestGuess19",0,,,,,,,,,,,,,,,,,,,,,,,,,,,,,,,,,,,,,,,,,,,,,,,,,,,,,,,,,,,,,
"wtaesq","wtaesq;q0.833;c0.063;t0.7400","4.51E-17","5.092E-11","67","PBestGuess20",0,,,,,,,,,,,,,,,,,,,,,,,,,,,,,,,,,,,,,,,,,,,,,,,,,,,,,,,,,,,,,
"wtaesq","wtaesq;q0.833;c0.063;t0.7400","4.51E-17","5.092E-11","67","DBestGuess1",0,,,,,,,,,,,,,,,,,,,,,,,,,,,,,,,,,,,,,,,,,,,,,,,,,,,,,,,,,,,,,
"wtaesq","wtaesq;q0.833;c0.063;t0.7400","4.51E-17","5.092E-11","67","DBestGuess2",0,,,,,,,,,,,,,,,,,,,,,,,,,,,,,,,,,,,,,,,,,,,,,,,,,,,,,,,,,,,,,
"wtaesq","wtaesq;q0.833;c0.063;t0.7400","4.51E-17","5.092E-11","67","DBestGuess3",0,,,,,,,,,,,,,,,,,,,,,,,,,,,,,,,,,,,,,,,,,,,,,,,,,,,,,,,,,,,,,
"wtaesq","wtaesq;q0.833;c0.063;t0.7400","4.51E-17","5.092E-11","67","DBestGuess4",0,,,,,,,,,,,,,,,,,,,,,,,,,,,,,,,,,,,,,,,,,,,,,,,,,,,,,,,,,,,,,
"wtaesq","wtaesq;q0.833;c0.063;t0.7400","4.51E-17","5.092E-11","67","DBestGuess5",0,,,,,,,,,,,,,,,,,,,,,,,,,,,,,,,,,,,,,,,,,,,,,,,,,,,,,,,,,,,,,
"wtaesq","wtaesq;q0.833;c0.063;t0.7400","4.51E-17","5.092E-11","67","DBestGuess6",0,,,,,,,,,,,,,,,,,,,,,,,,,,,,,,,,,,,,,,,,,,,,,,,,,,,,,,,,,,,,,
"wtaesq","wtaesq;q0.833;c0.063;t0.7400","4.51E-17","5.092E-11","67","DBestGuess7",0,,,,,,,,,,,,,,,,,,,,,,,,,,,,,,,,,,,,,,,,,,,,,,,,,,,,,,,,,,,,,
"wtaesq","wtaesq;q0.833;c0.063;t0.7400","4.51E-17","5.092E-11","67","DBestGuess8",0,,,,,,,,,,,,,,,,,,,,,,,,,,,,,,,,,,,,,,,,,,,,,,,,,,,,,,,,,,,,,
"wtaesq","wtaesq;q0.833;c0.063;t0.7400","4.51E-17","5.092E-11","67","DBestGuess9",0,,,,,,,,,,,,,,,,,,,,,,,,,,,,,,,,,,,,,,,,,,,,,,,,,,,,,,,,,,,,,
"wtaesq","wtaesq;q0.833;c0.063;t0.7400","4.51E-17","5.092E-11","67","DBestGuess10",0,,,,,,,,,,,,,,,,,,,,,,,,,,,,,,,,,,,,,,,,,,,,,,,,,,,,,,,,,,,,,
"wtaesq","wtaesq;q0.833;c0.063;t0.7400","4.51E-17","5.092E-11","67","DBestGuess11",0,,,,,,,,,,,,,,,,,,,,,,,,,,,,,,,,,,,,,,,,,,,,,,,,,,,,,,,,,,,,,
"wtaesq","wtaesq;q0.833;c0.063;t0.7400","4.51E-17","5.092E-11","67","DBestGuess12",0.2,0,0,0,1,0.75,0.75,0.0078125,0,0,1.46251,-1,0.0057034,0.0755208,0.0078125,0.213406,0.356771,0.341146,0.372396,0.000732422,0.0234375,0.0234375,0.0390625,0.75,0.625,0.625,0.75,0.757812,0.726562,0.210938,0.757812,,0.726562,0.210938,0.726562,0.210938,-0.05,-0.05,-0.5,0.833333,0.666667,0.566667,0.833333,0.833333,0.5,0.1,0.5,0.3,0.5,0.1,0.833333,0.5,1,0,0,0.5,0.5,0.833333,0.0625,1,0,0.74
"wtaesq","wtaesq;q0.833;c0.063;t0.7400","4.51E-17","5.092E-11","67","DBestGuess13",0.2,0,0.5,0,0.5,0.3,0.8,-0.009375,0,0.5,1.46251,-1,0.0151085,0.122917,0.00625,0.066612,0.209375,0.196875,0.221875,0.000292969,0.009375,0.009375,0.021875,0.95,0.6,0.35,0.95,0.940625,0.909375,0.028125,0.95625,,0.940625,0.028125,0.940625,0.028125,-0.05,-0.05,-0.5,0.833333,0.666667,0.616667,0.833333,0.833333,0.5,0.3,0.5,0.4,0.5,0.3,0.833333,0.5,1,0,0,0.5,0.5,0.833333,0.0625,1,0,0.74
"wtaesq","wtaesq;q0.833;c0.063;t0.7400","4.51E-17","5.092E-11","67","DBestGuess14",0.2,0,1,0,0,0,0.5,-0.015625,0,1,,,0.0277778,0.166667,0,0.027778,0.166667,0.166667,0.166667,0,0,0,0,1,0.5,0.25,1,0.984375,0.953125,-0.015625,1,,1,0,1,0,-0.05,-0.05,-0.5,0.833333,0.666667,0.666667,0.833333,0.833333,0.5,0.5,0.5,0.5,0.5,0.5,0.833333,0.5,1,0,0,0.5,0.5,0.833333,0.0625,1,0,0.74
"wtaesq","wtaesq;q0.833;c0.063;t0.7400","4.51E-17","5.092E-11","67","DBestGuess15",0.2,0,1,0,0,0,0,0,0,1,,,0.0277778,0.166667,0,0.027778,0.166667,0.166667,0.166667,0,0,0,0,1,0.5,0.5,1,1,0.96875,-0.03125,1,,1,0,1,0,-0.05,-0.05,-0.5,0.833333,0.666667,0.716667,0.833333,0.833333,0.5,0.7,0.5,0.6,0.5,0.7,0.833333,0.5,1,0,0,0.5,0.5,0.833333,0.0625,1,0,0.74
"wtaesq","wtaesq;q0.833;c0.063;t0.7400","4.51E-17","5.092E-11","67","DBestGuess16",0.2,0,1,0,0,0,0,0,0,1,,,0.0277778,0.166667,0,0.027778,0.166667,0.166667,0.166667,0,0,0,0,1,0.5,0.5,1,1,0.96875,-0.03125,1,,1,0,1,0,-0.05,-0.05,-0.5,0.833333,0.666667,0.766667,0.833333,0.833333,0.5,0.9,0.5,0.7,0.5,0.9,0.833333,0.5,1,0,0,0.5,0.5,0.833333,0.0625,1,0,0.74
"wtaesq","wtaesq;q0.833;c0.063;t0.7400","4.51E-17","5.092E-11","67","DBestGuess17",0,,,,,,,,,,,,,,,,,,,,,,,,,,,,,,,,,,,,,,,,,,,,,,,,,,,,,,,,,,,,,
"wtaesq","wtaesq;q0.833;c0.063;t0.7400","4.51E-17","5.092E-11","67","DBestGuess18",0,,,,,,,,,,,,,,,,,,,,,,,,,,,,,,,,,,,,,,,,,,,,,,,,,,,,,,,,,,,,,
"wtaesq","wtaesq;q0.833;c0.063;t0.7400","4.51E-17","5.092E-11","67","DBestGuess19",0,,,,,,,,,,,,,,,,,,,,,,,,,,,,,,,,,,,,,,,,,,,,,,,,,,,,,,,,,,,,,
"wtaesq","wtaesq;q0.833;c0.063;t0.7400","4.51E-17","5.092E-11","67","DBestGuess20",0,,,,,,,,,,,,,,,,,,,,,,,,,,,,,,,,,,,,,,,,,,,,,,,,,,,,,,,,,,,,,
