"GroupName","OptionSet","Exploit","Refine","Seconds","Filter","All","PQuits","DQuits","Settles","Trial","Shifting","ShiftingOccursIfTrial","ShiftingValueIfTrial","PQuits","DQuits","POffer","DOffer","DMSAcc","DMSAccL1","DMSTrialRelAccL1","AccSq","Accuracy","Accuracy_ForPlaintiff","Accuracy_ForDefendant","TrialRelativeAccSq","TrialRelativeAccuracy","TrialRelativeAccuracy_ForPlaintiff","TrialRelativeAccuracy_ForDefendant","SettlementOrJudgment","DsProportionOfCost","DsProportionOfCostIfTrial","TrialValuePreShiftingIfOccurs","TrialValueWithShiftingIfOccurs","PTrialEffect_IfOccurs","DTrialEffect_IfOccurs","ResolutionValueIncludingShiftedAmount","SettlementValue","PWealth","DWealth","PWelfare","DWelfare","PQuality","DQuality","NQuality","QualitySum","PBestGuess","DBestGuess","QualitySum_PInfo","QualitySum_DInfo","PBias","DBias","NBias","BiasSum","BiasSum_PInfo","BiasSum_DInfo","Quality","Alpha_Quality","Alpha_Both_Quality","Alpha_Plaintiff_Quality","Alpha_Defendant_Quality","Alpha_Plaintiff_Bias","Alpha_Defendant_Bias","Evidence_Both_Quality","TrialCost","FeeShifting","FSMargin","FeeShiftingThreshold"
"es","es;q0.167;c0.063;t0.5900","1.6650000000000002E-16","6.339E-10","7","All",1,0,0,0,1,0.25,0.25,-0.0046875,0,0,0.53,0.201426,0.0262373,0.161979,0.0046875,0.038631,0.168687,0.143854,0.196063,0.000244141,0.0078125,0.0359375,0.0265625,0.333333,0.425,0.425,0.333333,0.328646,0.297396,0.640104,0.328646,,0.297396,0.640104,0.297396,0.640104,-0.05,-0.05,-0.5,0.166667,0.333333,0.333333,0.166667,0.166667,0.5,0.5,0.5,0.5,0.5,0.5,0.166667,0.5,1,0,0,0.5,0.5,0.166667,0.0625,1,0,0.59
"es","es;q0.167;c0.063;t0.5900","1.6650000000000002E-16","6.339E-10","7","PBias1",0.1,0,0,0,1,0.2,0.2,-0.00625,0,0,0.45,0.201426,0.002296,0.0479167,0.00625,0.008859,0.0804167,0.0708333,0.0975,0.000195312,0.00625,0.0375,0.025,0.220833,0.4,0.4,0.220833,0.214583,0.183333,0.754167,0.214583,,0.183333,0.754167,0.183333,0.754167,-0.05,-0.05,-0.5,0.166667,0.220833,0.333333,0.166667,0.166667,0.05,0.5,0.5,0.275,0.05,0.5,0.166667,0.5,1,0,0,0.5,0.5,0.166667,0.0625,1,0,0.59
"es","es;q0.167;c0.063;t0.5900","1.6650000000000002E-16","6.339E-10","7","PBias2",0.1,0,0,0,1,0.2,0.2,-0.00625,0,0,0.45,0.201426,0.0053168,0.0729167,0.00625,0.011879,0.09375,0.0779167,0.1125,0.000195312,0.00625,0.0375,0.025,0.245833,0.4,0.4,0.245833,0.239583,0.208333,0.729167,0.239583,,0.208333,0.729167,0.208333,0.729167,-0.05,-0.05,-0.5,0.166667,0.245833,0.333333,0.166667,0.166667,0.15,0.5,0.5,0.325,0.15,0.5,0.166667,0.5,1,0,0,0.5,0.5,0.166667,0.0625,1,0,0.59
"es","es;q0.167;c0.063;t0.5900","1.6650000000000002E-16","6.339E-10","7","PBias3",0.1,0,0,0,1,0.2,0.2,-0.00625,0,0,0.45,0.201426,0.0095877,0.0979167,0.00625,0.01615,0.10875,0.09,0.130833,0.000195312,0.00625,0.0375,0.025,0.270833,0.4,0.4,0.270833,0.264583,0.233333,0.704167,0.264583,,0.233333,0.704167,0.233333,0.704167,-0.05,-0.05,-0.5,0.166667,0.270833,0.333333,0.166667,0.166667,0.25,0.5,0.5,0.375,0.25,0.5,0.166667,0.5,1,0,0,0.5,0.5,0.166667,0.0625,1,0,0.59
"es","es;q0.167;c0.063;t0.5900","1.6650000000000002E-16","6.339E-10","7","PBias4",0.1,0,0,0,1,0.2,0.2,-0.00625,0,0,0.55,0.201426,0.0151085,0.122917,0.00625,0.021671,0.125833,0.105,0.154167,0.000195312,0.00625,0.0375,0.025,0.295833,0.4,0.4,0.295833,0.289583,0.258333,0.679167,0.289583,,0.258333,0.679167,0.258333,0.679167,-0.05,-0.05,-0.5,0.166667,0.295833,0.333333,0.166667,0.166667,0.35,0.5,0.5,0.425,0.35,0.5,0.166667,0.5,1,0,0,0.5,0.5,0.166667,0.0625,1,0,0.59
"es","es;q0.167;c0.063;t0.5900","1.6650000000000002E-16","6.339E-10","7","PBias5",0.1,0,0,0,1,0.2,0.2,-0.00625,0,0,0.55,0.201426,0.0218793,0.147917,0.00625,0.028442,0.147917,0.120833,0.179167,0.000195312,0.00625,0.0375,0.025,0.320833,0.4,0.4,0.320833,0.314583,0.283333,0.654167,0.314583,,0.283333,0.654167,0.283333,0.654167,-0.05,-0.05,-0.5,0.166667,0.320833,0.333333,0.166667,0.166667,0.45,0.5,0.5,0.475,0.45,0.5,0.166667,0.5,1,0,0,0.5,0.5,0.166667,0.0625,1,0,0.59
"es","es;q0.167;c0.063;t0.5900","1.6650000000000002E-16","6.339E-10","7","PBias6",0.1,0,0,0,1,0.2,0.2,-0.00625,0,0,0.55,0.201426,0.0299002,0.172917,0.00625,0.036463,0.172917,0.141667,0.204167,0.000195312,0.00625,0.0375,0.025,0.345833,0.4,0.4,0.345833,0.339583,0.308333,0.629167,0.339583,,0.308333,0.629167,0.308333,0.629167,-0.05,-0.05,-0.5,0.166667,0.345833,0.333333,0.166667,0.166667,0.55,0.5,0.5,0.525,0.55,0.5,0.166667,0.5,1,0,0,0.5,0.5,0.166667,0.0625,1,0,0.59
"es","es;q0.167;c0.063;t0.5900","1.6650000000000002E-16","6.339E-10","7","PBias7",0.1,0,0,0,1,0.2,0.2,-0.00625,0,0,0.55,0.201426,0.039171,0.197917,0.00625,0.045734,0.197917,0.166667,0.229167,0.000195312,0.00625,0.0375,0.025,0.370833,0.4,0.4,0.370833,0.364583,0.333333,0.604167,0.364583,,0.333333,0.604167,0.333333,0.604167,-0.05,-0.05,-0.5,0.166667,0.370833,0.333333,0.166667,0.166667,0.65,0.5,0.5,0.575,0.65,0.5,0.166667,0.5,1,0,0,0.5,0.5,0.166667,0.0625,1,0,0.59
"es","es;q0.167;c0.063;t0.5900","1.6650000000000002E-16","6.339E-10","7","PBias8",0.1,0,0,0,1,0.2,0.2,-0.00625,0,0,0.55,0.201426,0.0496918,0.222917,0.00625,0.056254,0.222917,0.191667,0.254167,0.000195312,0.00625,0.0375,0.025,0.395833,0.4,0.4,0.395833,0.389583,0.358333,0.579167,0.389583,,0.358333,0.579167,0.358333,0.579167,-0.05,-0.05,-0.5,0.166667,0.395833,0.333333,0.166667,0.166667,0.75,0.5,0.5,0.625,0.75,0.5,0.166667,0.5,1,0,0,0.5,0.5,0.166667,0.0625,1,0,0.59
"es","es;q0.167;c0.063;t0.5900","1.6650000000000002E-16","6.339E-10","7","PBias9",0.1,0,0,0,1,0.4,0.4,-1.30104E-18,0,0,0.55,0.201426,0.0646007,0.254167,1.30104E-18,0.072648,0.254167,0.222917,0.285417,0.000390625,0.0125,0.03125,0.03125,0.420833,0.5,0.5,0.420833,0.420833,0.389583,0.547917,0.420833,,0.389583,0.547917,0.389583,0.547917,-0.05,-0.05,-0.5,0.166667,0.420833,0.333333,0.166667,0.166667,0.85,0.5,0.5,0.675,0.85,0.5,0.166667,0.5,1,0,0,0.5,0.5,0.166667,0.0625,1,0,0.59
"es","es;q0.167;c0.063;t0.5900","1.6650000000000002E-16","6.339E-10","7","PBias10",0.1,0,0,0,1,0.5,0.5,0.003125,0,0,0.65,0.201426,0.0796886,0.282292,0.003125,0.088214,0.282292,0.251042,0.313542,0.000488281,0.015625,0.028125,0.034375,0.445833,0.55,0.55,0.445833,0.448958,0.417708,0.519792,0.448958,,0.417708,0.519792,0.417708,0.519792,-0.05,-0.05,-0.5,0.166667,0.445833,0.333333,0.166667,0.166667,0.95,0.5,0.5,0.725,0.95,0.5,0.166667,0.5,1,0,0,0.5,0.5,0.166667,0.0625,1,0,0.59
"es","es;q0.167;c0.063;t0.5900","1.6650000000000002E-16","6.339E-10","7","DBias1",0.1,0,0,0,1,1,1,-0.03125,0,0,0.53,0.15,0.0005252,0.0229167,0.03125,0.005681,0.0645833,0.0625,0.0741667,0.000976563,0.03125,0.0625,0,0.220833,0,0,0.220833,0.189583,0.158333,0.779167,0.189583,,0.158333,0.779167,0.158333,0.779167,-0.05,-0.05,-0.5,0.166667,0.333333,0.220833,0.166667,0.166667,0.5,0.05,0.5,0.275,0.5,0.05,0.166667,0.5,1,0,0,0.5,0.5,0.166667,0.0625,1,0,0.59
"es","es;q0.167;c0.063;t0.5900","1.6650000000000002E-16","6.339E-10","7","DBias2",0.1,0,0,0,1,1,1,-0.03125,0,0,0.53,0.15,0.002296,0.0479167,0.03125,0.007452,0.0716667,0.0633333,0.0875,0.000976563,0.03125,0.0625,0,0.245833,0,0,0.245833,0.214583,0.183333,0.754167,0.214583,,0.183333,0.754167,0.183333,0.754167,-0.05,-0.05,-0.5,0.166667,0.333333,0.245833,0.166667,0.166667,0.5,0.15,0.5,0.325,0.5,0.15,0.166667,0.5,1,0,0,0.5,0.5,0.166667,0.0625,1,0,0.59
"es","es;q0.167;c0.063;t0.5900","1.6650000000000002E-16","6.339E-10","7","DBias3",0.1,0,0,0,1,0,0,0,0,0,0.53,0.15,0.0108507,0.104167,0,0.016007,0.105833,0.08375,0.135417,0,0,0.03125,0.03125,0.270833,0.5,0.5,0.270833,0.270833,0.239583,0.697917,0.270833,,0.239583,0.697917,0.239583,0.697917,-0.05,-0.05,-0.5,0.166667,0.333333,0.270833,0.166667,0.166667,0.5,0.25,0.5,0.375,0.5,0.25,0.166667,0.5,1,0,0,0.5,0.5,0.166667,0.0625,1,0,0.59
"es","es;q0.167;c0.063;t0.5900","1.6650000000000002E-16","6.339E-10","7","DBias4",0.1,0,0,0,1,0,0,0,0,0,0.53,0.15,0.016684,0.129167,0,0.02184,0.129167,0.100833,0.160417,0,0,0.03125,0.03125,0.295833,0.5,0.5,0.295833,0.295833,0.264583,0.672917,0.295833,,0.264583,0.672917,0.264583,0.672917,-0.05,-0.05,-0.5,0.166667,0.333333,0.295833,0.166667,0.166667,0.5,0.35,0.5,0.425,0.5,0.35,0.166667,0.5,1,0,0,0.5,0.5,0.166667,0.0625,1,0,0.59
"es","es;q0.167;c0.063;t0.5900","1.6650000000000002E-16","6.339E-10","7","DBias5",0.1,0,0,0,1,0,0,0,0,0,0.53,0.164259,0.0237674,0.154167,0,0.028924,0.154167,0.122917,0.185417,0,0,0.03125,0.03125,0.320833,0.5,0.5,0.320833,0.320833,0.289583,0.647917,0.320833,,0.289583,0.647917,0.289583,0.647917,-0.05,-0.05,-0.5,0.166667,0.333333,0.320833,0.166667,0.166667,0.5,0.45,0.5,0.475,0.5,0.45,0.166667,0.5,1,0,0,0.5,0.5,0.166667,0.0625,1,0,0.59
"es","es;q0.167;c0.063;t0.5900","1.6650000000000002E-16","6.339E-10","7","DBias6",0.1,0,0,0,1,0,0,0,0,0,0.53,0.25,0.0321007,0.179167,0,0.037257,0.179167,0.147917,0.210417,0,0,0.03125,0.03125,0.345833,0.5,0.5,0.345833,0.345833,0.314583,0.622917,0.345833,,0.314583,0.622917,0.314583,0.622917,-0.05,-0.05,-0.5,0.166667,0.333333,0.345833,0.166667,0.166667,0.5,0.55,0.5,0.525,0.5,0.55,0.166667,0.5,1,0,0,0.5,0.5,0.166667,0.0625,1,0,0.59
"es","es;q0.167;c0.063;t0.5900","1.6650000000000002E-16","6.339E-10","7","DBias7",0.1,0,0,0,1,0,0,0,0,0,0.53,0.25,0.041684,0.204167,0,0.04684,0.204167,0.172917,0.235417,0,0,0.03125,0.03125,0.370833,0.5,0.5,0.370833,0.370833,0.339583,0.597917,0.370833,,0.339583,0.597917,0.339583,0.597917,-0.05,-0.05,-0.5,0.166667,0.333333,0.370833,0.166667,0.166667,0.5,0.65,0.5,0.575,0.5,0.65,0.166667,0.5,1,0,0,0.5,0.5,0.166667,0.0625,1,0,0.59
"es","es;q0.167;c0.063;t0.5900","1.6650000000000002E-16","6.339E-10","7","DBias8",0.1,0,0,0,1,0.1,0.1,0.003125,0,0,0.53,0.25,0.0539594,0.232292,0.003125,0.059907,0.232292,0.201042,0.263542,9.76562E-05,0.003125,0.028125,0.034375,0.395833,0.55,0.55,0.395833,0.398958,0.367708,0.569792,0.398958,,0.367708,0.569792,0.367708,0.569792,-0.05,-0.05,-0.5,0.166667,0.333333,0.395833,0.166667,0.166667,0.5,0.75,0.5,0.625,0.5,0.75,0.166667,0.5,1,0,0,0.5,0.5,0.166667,0.0625,1,0,0.59
"es","es;q0.167;c0.063;t0.5900","1.6650000000000002E-16","6.339E-10","7","DBias9",0.1,0,0,0,1,0.2,0.2,0.00625,0,0,0.53,0.25,0.0678168,0.260417,0.00625,0.074379,0.260417,0.229167,0.291667,0.000195312,0.00625,0.025,0.0375,0.420833,0.6,0.6,0.420833,0.427083,0.395833,0.541667,0.427083,,0.395833,0.541667,0.395833,0.541667,-0.05,-0.05,-0.5,0.166667,0.333333,0.420833,0.166667,0.166667,0.5,0.85,0.5,0.675,0.5,0.85,0.166667,0.5,1,0,0,0.5,0.5,0.166667,0.0625,1,0,0.59
"es","es;q0.167;c0.063;t0.5900","1.6650000000000002E-16","6.339E-10","7","DBias10",0.1,0,0,0,1,0.2,0.2,0.00625,0,0,0.53,0.25,0.0814627,0.285417,0.00625,0.088025,0.285417,0.254167,0.316667,0.000195312,0.00625,0.025,0.0375,0.445833,0.6,0.6,0.445833,0.452083,0.420833,0.516667,0.452083,,0.420833,0.516667,0.420833,0.516667,-0.05,-0.05,-0.5,0.166667,0.333333,0.445833,0.166667,0.166667,0.5,0.95,0.5,0.725,0.5,0.95,0.166667,0.5,1,0,0,0.5,0.5,0.166667,0.0625,1,0,0.59
"es","es;q0.167;c0.063;t0.5900","1.6650000000000002E-16","6.339E-10","7","POffer1",0,,,,,,,,,,,,,,,,,,,,,,,,,,,,,,,,,,,,,,,,,,,,,,,,,,,,,,,,,,,,,
"es","es;q0.167;c0.063;t0.5900","1.6650000000000002E-16","6.339E-10","7","POffer2",0,,,,,,,,,,,,,,,,,,,,,,,,,,,,,,,,,,,,,,,,,,,,,,,,,,,,,,,,,,,,,
"es","es;q0.167;c0.063;t0.5900","1.6650000000000002E-16","6.339E-10","7","POffer3",0,,,,,,,,,,,,,,,,,,,,,,,,,,,,,,,,,,,,,,,,,,,,,,,,,,,,,,,,,,,,,
"es","es;q0.167;c0.063;t0.5900","1.6650000000000002E-16","6.339E-10","7","POffer4",0,,,,,,,,,,,,,,,,,,,,,,,,,,,,,,,,,,,,,,,,,,,,,,,,,,,,,,,,,,,,,
"es","es;q0.167;c0.063;t0.5900","1.6650000000000002E-16","6.339E-10","7","POffer5",0.3,0,0,0,1,0.2,0.2,-0.00625,0,0,0.45,0.201426,0.0053168,0.0729167,0.00625,0.012296,0.0943056,0.0795833,0.113611,0.000195313,0.00625,0.0375,0.025,0.245833,0.4,0.4,0.245833,0.239583,0.208333,0.729167,0.239583,,0.208333,0.729167,0.208333,0.729167,-0.05,-0.05,-0.5,0.166667,0.245833,0.333333,0.166667,0.166667,0.15,0.5,0.5,0.325,0.15,0.5,0.166667,0.5,1,0,0,0.5,0.5,0.166667,0.0625,1,0,0.59
"es","es;q0.167;c0.063;t0.5900","1.6650000000000002E-16","6.339E-10","7","POffer6",0.6,0,0,0,1,0.233333,0.233333,-0.00520833,0,0,0.55,0.201426,0.0347667,0.186458,0.00520833,0.043535,0.186944,0.158125,0.217708,0.000227865,0.00729167,0.0364583,0.0260417,0.358333,0.416667,0.416667,0.358333,0.353125,0.321875,0.615625,0.353125,,0.321875,0.615625,0.321875,0.615625,-0.05,-0.05,-0.5,0.166667,0.358333,0.333333,0.166667,0.166667,0.6,0.5,0.5,0.55,0.6,0.5,0.166667,0.5,1,0,0,0.5,0.5,0.166667,0.0625,1,0,0.59
"es","es;q0.167;c0.063;t0.5900","1.6650000000000002E-16","6.339E-10","7","POffer7",0.1,0,0,0,1,0.5,0.5,0.003125,0,0,0.65,0.201426,0.0796886,0.282292,0.003125,0.088214,0.282292,0.251042,0.313542,0.000488281,0.015625,0.028125,0.034375,0.445833,0.55,0.55,0.445833,0.448958,0.417708,0.519792,0.448958,,0.417708,0.519792,0.417708,0.519792,-0.05,-0.05,-0.5,0.166667,0.445833,0.333333,0.166667,0.166667,0.95,0.5,0.5,0.725,0.95,0.5,0.166667,0.5,1,0,0,0.5,0.5,0.166667,0.0625,1,0,0.59
"es","es;q0.167;c0.063;t0.5900","1.6650000000000002E-16","6.339E-10","7","POffer8",0,,,,,,,,,,,,,,,,,,,,,,,,,,,,,,,,,,,,,,,,,,,,,,,,,,,,,,,,,,,,,
"es","es;q0.167;c0.063;t0.5900","1.6650000000000002E-16","6.339E-10","7","POffer9",0,,,,,,,,,,,,,,,,,,,,,,,,,,,,,,,,,,,,,,,,,,,,,,,,,,,,,,,,,,,,,
"es","es;q0.167;c0.063;t0.5900","1.6650000000000002E-16","6.339E-10","7","POffer10",0,,,,,,,,,,,,,,,,,,,,,,,,,,,,,,,,,,,,,,,,,,,,,,,,,,,,,,,,,,,,,
"es","es;q0.167;c0.063;t0.5900","1.6650000000000002E-16","6.339E-10","7","DOffer1",0,,,,,,,,,,,,,,,,,,,,,,,,,,,,,,,,,,,,,,,,,,,,,,,,,,,,,,,,,,,,,
"es","es;q0.167;c0.063;t0.5900","1.6650000000000002E-16","6.339E-10","7","DOffer2",0.4857,0,0,0,1,0.411742,0.411742,-0.0128669,0,0,0.53,0.15,0.0080698,0.089832,0.0128669,0.015601,0.103642,0.0856025,0.126915,0.000402092,0.0128669,0.0441169,0.0183831,0.269366,0.294129,0.294129,0.269366,0.256499,0.225249,0.712251,0.256499,,0.225249,0.712251,0.225249,0.712251,-0.05,-0.05,-0.5,0.166667,0.333333,0.269366,0.166667,0.166667,0.5,0.244129,0.5,0.372064,0.5,0.244129,0.166667,0.5,1,0,0,0.5,0.5,0.166667,0.0625,1,0,0.59
"es","es;q0.167;c0.063;t0.5900","1.6650000000000002E-16","6.339E-10","7","DOffer3",0.5143,0,0,0,1,0.0972272,0.0972272,0.00303835,0,0,0.53,0.25,0.0529577,0.230125,0.00303835,0.060384,0.230125,0.198875,0.261375,9.49485E-05,0.00303835,0.0282116,0.0342884,0.393754,0.548614,0.548614,0.393754,0.396792,0.365542,0.571958,0.396792,,0.365542,0.571958,0.365542,0.571958,-0.05,-0.05,-0.5,0.166667,0.333333,0.393754,0.166667,0.166667,0.5,0.741682,0.5,0.620841,0.5,0.741682,0.166667,0.5,1,0,0,0.5,0.5,0.166667,0.0625,1,0,0.59
"es","es;q0.167;c0.063;t0.5900","1.6650000000000002E-16","6.339E-10","7","DOffer4",0,,,,,,,,,,,,,,,,,,,,,,,,,,,,,,,,,,,,,,,,,,,,,,,,,,,,,,,,,,,,,
"es","es;q0.167;c0.063;t0.5900","1.6650000000000002E-16","6.339E-10","7","DOffer5",0,,,,,,,,,,,,,,,,,,,,,,,,,,,,,,,,,,,,,,,,,,,,,,,,,,,,,,,,,,,,,
"es","es;q0.167;c0.063;t0.5900","1.6650000000000002E-16","6.339E-10","7","DOffer6",0,,,,,,,,,,,,,,,,,,,,,,,,,,,,,,,,,,,,,,,,,,,,,,,,,,,,,,,,,,,,,
"es","es;q0.167;c0.063;t0.5900","1.6650000000000002E-16","6.339E-10","7","DOffer7",0,,,,,,,,,,,,,,,,,,,,,,,,,,,,,,,,,,,,,,,,,,,,,,,,,,,,,,,,,,,,,
"es","es;q0.167;c0.063;t0.5900","1.6650000000000002E-16","6.339E-10","7","DOffer8",0,,,,,,,,,,,,,,,,,,,,,,,,,,,,,,,,,,,,,,,,,,,,,,,,,,,,,,,,,,,,,
"es","es;q0.167;c0.063;t0.5900","1.6650000000000002E-16","6.339E-10","7","DOffer9",0,,,,,,,,,,,,,,,,,,,,,,,,,,,,,,,,,,,,,,,,,,,,,,,,,,,,,,,,,,,,,
"es","es;q0.167;c0.063;t0.5900","1.6650000000000002E-16","6.339E-10","7","DOffer10",0,,,,,,,,,,,,,,,,,,,,,,,,,,,,,,,,,,,,,,,,,,,,,,,,,,,,,,,,,,,,,
"es","es;q0.167;c0.063;t0.5900","1.6650000000000002E-16","6.339E-10","7","QualitySum1",0,,,,,,,,,,,,,,,,,,,,,,,,,,,,,,,,,,,,,,,,,,,,,,,,,,,,,,,,,,,,,
"es","es;q0.167;c0.063;t0.5900","1.6650000000000002E-16","6.339E-10","7","QualitySum2",0,,,,,,,,,,,,,,,,,,,,,,,,,,,,,,,,,,,,,,,,,,,,,,,,,,,,,,,,,,,,,
"es","es;q0.167;c0.063;t0.5900","1.6650000000000002E-16","6.339E-10","7","QualitySum3",0,,,,,,,,,,,,,,,,,,,,,,,,,,,,,,,,,,,,,,,,,,,,,,,,,,,,,,,,,,,,,
"es","es;q0.167;c0.063;t0.5900","1.6650000000000002E-16","6.339E-10","7","QualitySum4",1,0,0,0,1,0.25,0.25,-0.0046875,0,0,0.53,0.201426,0.0262373,0.161979,0.0046875,0.038631,0.168687,0.143854,0.196063,0.000244141,0.0078125,0.0359375,0.0265625,0.333333,0.425,0.425,0.333333,0.328646,0.297396,0.640104,0.328646,,0.297396,0.640104,0.297396,0.640104,-0.05,-0.05,-0.5,0.166667,0.333333,0.333333,0.166667,0.166667,0.5,0.5,0.5,0.5,0.5,0.5,0.166667,0.5,1,0,0,0.5,0.5,0.166667,0.0625,1,0,0.59
"es","es;q0.167;c0.063;t0.5900","1.6650000000000002E-16","6.339E-10","7","QualitySum5",0,,,,,,,,,,,,,,,,,,,,,,,,,,,,,,,,,,,,,,,,,,,,,,,,,,,,,,,,,,,,,
"es","es;q0.167;c0.063;t0.5900","1.6650000000000002E-16","6.339E-10","7","QualitySum6",0,,,,,,,,,,,,,,,,,,,,,,,,,,,,,,,,,,,,,,,,,,,,,,,,,,,,,,,,,,,,,
"es","es;q0.167;c0.063;t0.5900","1.6650000000000002E-16","6.339E-10","7","QualitySum7",0,,,,,,,,,,,,,,,,,,,,,,,,,,,,,,,,,,,,,,,,,,,,,,,,,,,,,,,,,,,,,
"es","es;q0.167;c0.063;t0.5900","1.6650000000000002E-16","6.339E-10","7","QualitySum8",0,,,,,,,,,,,,,,,,,,,,,,,,,,,,,,,,,,,,,,,,,,,,,,,,,,,,,,,,,,,,,
"es","es;q0.167;c0.063;t0.5900","1.6650000000000002E-16","6.339E-10","7","QualitySum9",0,,,,,,,,,,,,,,,,,,,,,,,,,,,,,,,,,,,,,,,,,,,,,,,,,,,,,,,,,,,,,
"es","es;q0.167;c0.063;t0.5900","1.6650000000000002E-16","6.339E-10","7","QualitySum10",0,,,,,,,,,,,,,,,,,,,,,,,,,,,,,,,,,,,,,,,,,,,,,,,,,,,,,,,,,,,,,
"es","es;q0.167;c0.063;t0.5900","1.6650000000000002E-16","6.339E-10","7","QualitySum11",0,,,,,,,,,,,,,,,,,,,,,,,,,,,,,,,,,,,,,,,,,,,,,,,,,,,,,,,,,,,,,
"es","es;q0.167;c0.063;t0.5900","1.6650000000000002E-16","6.339E-10","7","QualitySum12",0,,,,,,,,,,,,,,,,,,,,,,,,,,,,,,,,,,,,,,,,,,,,,,,,,,,,,,,,,,,,,
"es","es;q0.167;c0.063;t0.5900","1.6650000000000002E-16","6.339E-10","7","QualitySum13",0,,,,,,,,,,,,,,,,,,,,,,,,,,,,,,,,,,,,,,,,,,,,,,,,,,,,,,,,,,,,,
"es","es;q0.167;c0.063;t0.5900","1.6650000000000002E-16","6.339E-10","7","QualitySum14",0,,,,,,,,,,,,,,,,,,,,,,,,,,,,,,,,,,,,,,,,,,,,,,,,,,,,,,,,,,,,,
"es","es;q0.167;c0.063;t0.5900","1.6650000000000002E-16","6.339E-10","7","QualitySum15",0,,,,,,,,,,,,,,,,,,,,,,,,,,,,,,,,,,,,,,,,,,,,,,,,,,,,,,,,,,,,,
"es","es;q0.167;c0.063;t0.5900","1.6650000000000002E-16","6.339E-10","7","QualitySum16",0,,,,,,,,,,,,,,,,,,,,,,,,,,,,,,,,,,,,,,,,,,,,,,,,,,,,,,,,,,,,,
"es","es;q0.167;c0.063;t0.5900","1.6650000000000002E-16","6.339E-10","7","QualitySum17",0,,,,,,,,,,,,,,,,,,,,,,,,,,,,,,,,,,,,,,,,,,,,,,,,,,,,,,,,,,,,,
"es","es;q0.167;c0.063;t0.5900","1.6650000000000002E-16","6.339E-10","7","QualitySum18",0,,,,,,,,,,,,,,,,,,,,,,,,,,,,,,,,,,,,,,,,,,,,,,,,,,,,,,,,,,,,,
"es","es;q0.167;c0.063;t0.5900","1.6650000000000002E-16","6.339E-10","7","QualitySum19",0,,,,,,,,,,,,,,,,,,,,,,,,,,,,,,,,,,,,,,,,,,,,,,,,,,,,,,,,,,,,,
"es","es;q0.167;c0.063;t0.5900","1.6650000000000002E-16","6.339E-10","7","QualitySum20",0,,,,,,,,,,,,,,,,,,,,,,,,,,,,,,,,,,,,,,,,,,,,,,,,,,,,,,,,,,,,,
"es","es;q0.167;c0.063;t0.5900","1.6650000000000002E-16","6.339E-10","7","PBestGuess1",0,,,,,,,,,,,,,,,,,,,,,,,,,,,,,,,,,,,,,,,,,,,,,,,,,,,,,,,,,,,,,
"es","es;q0.167;c0.063;t0.5900","1.6650000000000002E-16","6.339E-10","7","PBestGuess2",0,,,,,,,,,,,,,,,,,,,,,,,,,,,,,,,,,,,,,,,,,,,,,,,,,,,,,,,,,,,,,
"es","es;q0.167;c0.063;t0.5900","1.6650000000000002E-16","6.339E-10","7","PBestGuess3",0,,,,,,,,,,,,,,,,,,,,,,,,,,,,,,,,,,,,,,,,,,,,,,,,,,,,,,,,,,,,,
"es","es;q0.167;c0.063;t0.5900","1.6650000000000002E-16","6.339E-10","7","PBestGuess4",0,,,,,,,,,,,,,,,,,,,,,,,,,,,,,,,,,,,,,,,,,,,,,,,,,,,,,,,,,,,,,
"es","es;q0.167;c0.063;t0.5900","1.6650000000000002E-16","6.339E-10","7","PBestGuess5",0.2,0,0,0,1,0.2,0.2,-0.00625,0,0,0.45,0.201426,0.0036502,0.0604167,0.00625,0.010369,0.0870833,0.074375,0.105,0.000195313,0.00625,0.0375,0.025,0.233333,0.4,0.4,0.233333,0.227083,0.195833,0.741667,0.227083,,0.195833,0.741667,0.195833,0.741667,-0.05,-0.05,-0.5,0.166667,0.233333,0.333333,0.166667,0.166667,0.1,0.5,0.5,0.3,0.1,0.5,0.166667,0.5,1,0,0,0.5,0.5,0.166667,0.0625,1,0,0.59
"es","es;q0.167;c0.063;t0.5900","1.6650000000000002E-16","6.339E-10","7","PBestGuess6",0.2,0,0,0,1,0.2,0.2,-0.00625,0,0,0.5,0.201426,0.0121918,0.110417,0.00625,0.018911,0.117292,0.0975,0.1425,0.000195313,0.00625,0.0375,0.025,0.283333,0.4,0.4,0.283333,0.277083,0.245833,0.691667,0.277083,,0.245833,0.691667,0.245833,0.691667,-0.05,-0.05,-0.5,0.166667,0.283333,0.333333,0.166667,0.166667,0.3,0.5,0.5,0.4,0.3,0.5,0.166667,0.5,1,0,0,0.5,0.5,0.166667,0.0625,1,0,0.59
"es","es;q0.167;c0.063;t0.5900","1.6650000000000002E-16","6.339E-10","7","PBestGuess7",0.2,0,0,0,1,0.2,0.2,-0.00625,0,0,0.55,0.201426,0.0257335,0.160417,0.00625,0.032452,0.160417,0.13125,0.191667,0.000195313,0.00625,0.0375,0.025,0.333333,0.4,0.4,0.333333,0.327083,0.295833,0.641667,0.327083,,0.295833,0.641667,0.295833,0.641667,-0.05,-0.05,-0.5,0.166667,0.333333,0.333333,0.166667,0.166667,0.5,0.5,0.5,0.5,0.5,0.5,0.166667,0.5,1,0,0,0.5,0.5,0.166667,0.0625,1,0,0.59
"es","es;q0.167;c0.063;t0.5900","1.6650000000000002E-16","6.339E-10","7","PBestGuess8",0.2,0,0,0,1,0.2,0.2,-0.00625,0,0,0.55,0.201426,0.0442752,0.210417,0.00625,0.050994,0.210417,0.179167,0.241667,0.000195313,0.00625,0.0375,0.025,0.383333,0.4,0.4,0.383333,0.377083,0.345833,0.591667,0.377083,,0.345833,0.591667,0.345833,0.591667,-0.05,-0.05,-0.5,0.166667,0.383333,0.333333,0.166667,0.166667,0.7,0.5,0.5,0.6,0.7,0.5,0.166667,0.5,1,0,0,0.5,0.5,0.166667,0.0625,1,0,0.59
"es","es;q0.167;c0.063;t0.5900","1.6650000000000002E-16","6.339E-10","7","PBestGuess9",0.2,0,0,0,1,0.45,0.45,0.0015625,0,0,0.6,0.201426,0.0719469,0.268229,0.0015625,0.080431,0.268229,0.236979,0.299479,0.000439453,0.0140625,0.0296875,0.0328125,0.433333,0.525,0.525,0.433333,0.434896,0.403646,0.533854,0.434896,,0.403646,0.533854,0.403646,0.533854,-0.05,-0.05,-0.5,0.166667,0.433333,0.333333,0.166667,0.166667,0.9,0.5,0.5,0.7,0.9,0.5,0.166667,0.5,1,0,0,0.5,0.5,0.166667,0.0625,1,0,0.59
"es","es;q0.167;c0.063;t0.5900","1.6650000000000002E-16","6.339E-10","7","PBestGuess10",0,,,,,,,,,,,,,,,,,,,,,,,,,,,,,,,,,,,,,,,,,,,,,,,,,,,,,,,,,,,,,
"es","es;q0.167;c0.063;t0.5900","1.6650000000000002E-16","6.339E-10","7","PBestGuess11",0,,,,,,,,,,,,,,,,,,,,,,,,,,,,,,,,,,,,,,,,,,,,,,,,,,,,,,,,,,,,,
"es","es;q0.167;c0.063;t0.5900","1.6650000000000002E-16","6.339E-10","7","PBestGuess12",0,,,,,,,,,,,,,,,,,,,,,,,,,,,,,,,,,,,,,,,,,,,,,,,,,,,,,,,,,,,,,
"es","es;q0.167;c0.063;t0.5900","1.6650000000000002E-16","6.339E-10","7","PBestGuess13",0,,,,,,,,,,,,,,,,,,,,,,,,,,,,,,,,,,,,,,,,,,,,,,,,,,,,,,,,,,,,,
"es","es;q0.167;c0.063;t0.5900","1.6650000000000002E-16","6.339E-10","7","PBestGuess14",0,,,,,,,,,,,,,,,,,,,,,,,,,,,,,,,,,,,,,,,,,,,,,,,,,,,,,,,,,,,,,
"es","es;q0.167;c0.063;t0.5900","1.6650000000000002E-16","6.339E-10","7","PBestGuess15",0,,,,,,,,,,,,,,,,,,,,,,,,,,,,,,,,,,,,,,,,,,,,,,,,,,,,,,,,,,,,,
"es","es;q0.167;c0.063;t0.5900","1.6650000000000002E-16","6.339E-10","7","PBestGuess16",0,,,,,,,,,,,,,,,,,,,,,,,,,,,,,,,,,,,,,,,,,,,,,,,,,,,,,,,,,,,,,
"es","es;q0.167;c0.063;t0.5900","1.6650000000000002E-16","6.339E-10","7","PBestGuess17",0,,,,,,,,,,,,,,,,,,,,,,,,,,,,,,,,,,,,,,,,,,,,,,,,,,,,,,,,,,,,,
"es","es;q0.167;c0.063;t0.5900","1.6650000000000002E-16","6.339E-10","7","PBestGuess18",0,,,,,,,,,,,,,,,,,,,,,,,,,,,,,,,,,,,,,,,,,,,,,,,,,,,,,,,,,,,,,
"es","es;q0.167;c0.063;t0.5900","1.6650000000000002E-16","6.339E-10","7","PBestGuess19",0,,,,,,,,,,,,,,,,,,,,,,,,,,,,,,,,,,,,,,,,,,,,,,,,,,,,,,,,,,,,,
"es","es;q0.167;c0.063;t0.5900","1.6650000000000002E-16","6.339E-10","7","PBestGuess20",0,,,,,,,,,,,,,,,,,,,,,,,,,,,,,,,,,,,,,,,,,,,,,,,,,,,,,,,,,,,,,
"es","es;q0.167;c0.063;t0.5900","1.6650000000000002E-16","6.339E-10","7","DBestGuess1",0,,,,,,,,,,,,,,,,,,,,,,,,,,,,,,,,,,,,,,,,,,,,,,,,,,,,,,,,,,,,,
"es","es;q0.167;c0.063;t0.5900","1.6650000000000002E-16","6.339E-10","7","DBestGuess2",0,,,,,,,,,,,,,,,,,,,,,,,,,,,,,,,,,,,,,,,,,,,,,,,,,,,,,,,,,,,,,
"es","es;q0.167;c0.063;t0.5900","1.6650000000000002E-16","6.339E-10","7","DBestGuess3",0,,,,,,,,,,,,,,,,,,,,,,,,,,,,,,,,,,,,,,,,,,,,,,,,,,,,,,,,,,,,,
"es","es;q0.167;c0.063;t0.5900","1.6650000000000002E-16","6.339E-10","7","DBestGuess4",0,,,,,,,,,,,,,,,,,,,,,,,,,,,,,,,,,,,,,,,,,,,,,,,,,,,,,,,,,,,,,
"es","es;q0.167;c0.063;t0.5900","1.6650000000000002E-16","6.339E-10","7","DBestGuess5",0.2,0,0,0,1,1,1,-0.03125,0,0,0.53,0.15,0.0012543,0.0354167,0.03125,0.006567,0.068125,0.0629167,0.0808333,0.000976563,0.03125,0.0625,0,0.233333,0,0,0.233333,0.202083,0.170833,0.766667,0.202083,,0.170833,0.766667,0.170833,0.766667,-0.05,-0.05,-0.5,0.166667,0.333333,0.233333,0.166667,0.166667,0.5,0.1,0.5,0.3,0.5,0.1,0.166667,0.5,1,0,0,0.5,0.5,0.166667,0.0625,1,0,0.59
"es","es;q0.167;c0.063;t0.5900","1.6650000000000002E-16","6.339E-10","7","DBestGuess6",0.2,0,0,0,1,0,0,0,0,0,0.53,0.15,0.0136111,0.116667,0,0.018924,0.1175,0.0922917,0.147917,0,0,0.03125,0.03125,0.283333,0.5,0.5,0.283333,0.283333,0.252083,0.685417,0.283333,,0.252083,0.685417,0.252083,0.685417,-0.05,-0.05,-0.5,0.166667,0.333333,0.283333,0.166667,0.166667,0.5,0.3,0.5,0.4,0.5,0.3,0.166667,0.5,1,0,0,0.5,0.5,0.166667,0.0625,1,0,0.59
"es","es;q0.167;c0.063;t0.5900","1.6650000000000002E-16","6.339E-10","7","DBestGuess7",0.2,0,0,0,1,0,0,0,0,0,0.53,0.20713,0.0277778,0.166667,0,0.03309,0.166667,0.135417,0.197917,0,0,0.03125,0.03125,0.333333,0.5,0.5,0.333333,0.333333,0.302083,0.635417,0.333333,,0.302083,0.635417,0.302083,0.635417,-0.05,-0.05,-0.5,0.166667,0.333333,0.333333,0.166667,0.166667,0.5,0.5,0.5,0.5,0.5,0.5,0.166667,0.5,1,0,0,0.5,0.5,0.166667,0.0625,1,0,0.59
"es","es;q0.167;c0.063;t0.5900","1.6650000000000002E-16","6.339E-10","7","DBestGuess8",0.2,0,0,0,1,0.05,0.05,0.0015625,0,0,0.53,0.25,0.047624,0.218229,0.0015625,0.053373,0.218229,0.186979,0.249479,4.88281E-05,0.0015625,0.0296875,0.0328125,0.383333,0.525,0.525,0.383333,0.384896,0.353646,0.583854,0.384896,,0.353646,0.583854,0.353646,0.583854,-0.05,-0.05,-0.5,0.166667,0.333333,0.383333,0.166667,0.166667,0.5,0.7,0.5,0.6,0.5,0.7,0.166667,0.5,1,0,0,0.5,0.5,0.166667,0.0625,1,0,0.59
"es","es;q0.167;c0.063;t0.5900","1.6650000000000002E-16","6.339E-10","7","DBestGuess9",0.2,0,0,0,1,0.2,0.2,0.00625,0,0,0.53,0.25,0.0744835,0.272917,0.00625,0.081202,0.272917,0.241667,0.304167,0.000195312,0.00625,0.025,0.0375,0.433333,0.6,0.6,0.433333,0.439583,0.408333,0.529167,0.439583,,0.408333,0.529167,0.408333,0.529167,-0.05,-0.05,-0.5,0.166667,0.333333,0.433333,0.166667,0.166667,0.5,0.9,0.5,0.7,0.5,0.9,0.166667,0.5,1,0,0,0.5,0.5,0.166667,0.0625,1,0,0.59
"es","es;q0.167;c0.063;t0.5900","1.6650000000000002E-16","6.339E-10","7","DBestGuess10",0,,,,,,,,,,,,,,,,,,,,,,,,,,,,,,,,,,,,,,,,,,,,,,,,,,,,,,,,,,,,,
"es","es;q0.167;c0.063;t0.5900","1.6650000000000002E-16","6.339E-10","7","DBestGuess11",0,,,,,,,,,,,,,,,,,,,,,,,,,,,,,,,,,,,,,,,,,,,,,,,,,,,,,,,,,,,,,
"es","es;q0.167;c0.063;t0.5900","1.6650000000000002E-16","6.339E-10","7","DBestGuess12",0,,,,,,,,,,,,,,,,,,,,,,,,,,,,,,,,,,,,,,,,,,,,,,,,,,,,,,,,,,,,,
"es","es;q0.167;c0.063;t0.5900","1.6650000000000002E-16","6.339E-10","7","DBestGuess13",0,,,,,,,,,,,,,,,,,,,,,,,,,,,,,,,,,,,,,,,,,,,,,,,,,,,,,,,,,,,,,
"es","es;q0.167;c0.063;t0.5900","1.6650000000000002E-16","6.339E-10","7","DBestGuess14",0,,,,,,,,,,,,,,,,,,,,,,,,,,,,,,,,,,,,,,,,,,,,,,,,,,,,,,,,,,,,,
"es","es;q0.167;c0.063;t0.5900","1.6650000000000002E-16","6.339E-10","7","DBestGuess15",0,,,,,,,,,,,,,,,,,,,,,,,,,,,,,,,,,,,,,,,,,,,,,,,,,,,,,,,,,,,,,
"es","es;q0.167;c0.063;t0.5900","1.6650000000000002E-16","6.339E-10","7","DBestGuess16",0,,,,,,,,,,,,,,,,,,,,,,,,,,,,,,,,,,,,,,,,,,,,,,,,,,,,,,,,,,,,,
"es","es;q0.167;c0.063;t0.5900","1.6650000000000002E-16","6.339E-10","7","DBestGuess17",0,,,,,,,,,,,,,,,,,,,,,,,,,,,,,,,,,,,,,,,,,,,,,,,,,,,,,,,,,,,,,
"es","es;q0.167;c0.063;t0.5900","1.6650000000000002E-16","6.339E-10","7","DBestGuess18",0,,,,,,,,,,,,,,,,,,,,,,,,,,,,,,,,,,,,,,,,,,,,,,,,,,,,,,,,,,,,,
"es","es;q0.167;c0.063;t0.5900","1.6650000000000002E-16","6.339E-10","7","DBestGuess19",0,,,,,,,,,,,,,,,,,,,,,,,,,,,,,,,,,,,,,,,,,,,,,,,,,,,,,,,,,,,,,
"es","es;q0.167;c0.063;t0.5900","1.6650000000000002E-16","6.339E-10","7","DBestGuess20",0,,,,,,,,,,,,,,,,,,,,,,,,,,,,,,,,,,,,,,,,,,,,,,,,,,,,,,,,,,,,,
