"GroupName","OptionSet","Exploit","Refine","Seconds","Filter","All","PQuits","DQuits","Settles","Trial","Shifting","ShiftingOccursIfTrial","ShiftingValueIfTrial","PQuits","DQuits","POffer","DOffer","DMSAcc","DMSAccL1","DMSTrialRelAccL1","AccSq","Accuracy","Accuracy_ForPlaintiff","Accuracy_ForDefendant","TrialRelativeAccSq","TrialRelativeAccuracy","TrialRelativeAccuracy_ForPlaintiff","TrialRelativeAccuracy_ForDefendant","SettlementOrJudgment","DsProportionOfCost","DsProportionOfCostIfTrial","TrialValuePreShiftingIfOccurs","TrialValueWithShiftingIfOccurs","PTrialEffect_IfOccurs","DTrialEffect_IfOccurs","ResolutionValueIncludingShiftedAmount","SettlementValue","PWealth","DWealth","PWelfare","DWelfare","PQuality","DQuality","NQuality","QualitySum","PBestGuess","DBestGuess","QualitySum_PInfo","QualitySum_DInfo","PBias","DBias","NBias","BiasSum","BiasSum_PInfo","BiasSum_DInfo","Quality","Alpha_Quality","Alpha_Both_Quality","Alpha_Plaintiff_Quality","Alpha_Defendant_Quality","Alpha_Plaintiff_Bias","Alpha_Defendant_Bias","Evidence_Both_Quality","TrialCost","FeeShifting","FSMargin","FeeShiftingThreshold"
"wtaesq","wtaesq;q0.333;c0.250;t0.1700","2.359E-16","7.189E-11","51","All",1,0,0,0.5,0.5,0,0,0,0,0,0.364328,0.05,0.0117361,0.108333,0.015,0.162361,0.375,0.3875,0.3625,0.01025,0.034,0.0965,0.0965,0.225,0.5,0.5,0.21,0.21,0.085,0.665,0.225,0.05,0.1625,0.7125,0.1625,0.7125,-0.05,-0.05,-0.5,0.333333,0.416667,0.416667,0.333333,0.333333,0.5,0.5,0.5,0.5,0.5,0.5,0.333333,0.5,1,0,0,0.5,0.5,0.333333,0.25,1,0,0.17
"wtaesq","wtaesq;q0.333;c0.250;t0.1700","2.359E-16","7.189E-11","51","PBias1",0.1,0,0,1,0,0,0,0,0,0,0.05,0.05,0.0802778,0.283333,0.05,0.080278,0.283333,0.283333,0.283333,0.0025,0.05,0.05,0.05,0.05,0.5,0.5,0,0,-0.125,0.875,0.05,0.05,0.05,0.95,0.05,0.95,-0.05,-0.05,-0.5,0.333333,0.304167,0.416667,0.333333,0.333333,0.05,0.5,0.5,0.275,0.05,0.5,0.333333,0.5,1,0,0,0.5,0.5,0.333333,0.25,1,0,0.17
"wtaesq","wtaesq;q0.333;c0.250;t0.1700","2.359E-16","7.189E-11","51","PBias2",0.1,0,0,1,0,0,0,0,0,0,0.05,0.05,0.0802778,0.283333,0.05,0.080278,0.283333,0.283333,0.283333,0.0025,0.05,0.05,0.05,0.05,0.5,0.5,0,0,-0.125,0.875,0.05,0.05,0.05,0.95,0.05,0.95,-0.05,-0.05,-0.5,0.333333,0.329167,0.416667,0.333333,0.333333,0.15,0.5,0.5,0.325,0.15,0.5,0.333333,0.5,1,0,0,0.5,0.5,0.333333,0.25,1,0,0.17
"wtaesq","wtaesq;q0.333;c0.250;t0.1700","2.359E-16","7.189E-11","51","PBias3",0.1,0,0,1,0,0,0,0,0,0,0.05,0.05,0.0802778,0.283333,0.05,0.080278,0.283333,0.283333,0.283333,0.0025,0.05,0.05,0.05,0.05,0.5,0.5,0,0,-0.125,0.875,0.05,0.05,0.05,0.95,0.05,0.95,-0.05,-0.05,-0.5,0.333333,0.354167,0.416667,0.333333,0.333333,0.25,0.5,0.5,0.375,0.25,0.5,0.333333,0.5,1,0,0,0.5,0.5,0.333333,0.25,1,0,0.17
"wtaesq","wtaesq;q0.333;c0.250;t0.1700","2.359E-16","7.189E-11","51","PBias4",0.1,0,0,1,0,0,0,0,0,0,0.05,0.05,0.0802778,0.283333,0.05,0.080278,0.283333,0.283333,0.283333,0.0025,0.05,0.05,0.05,0.05,0.5,0.5,0,0,-0.125,0.875,0.05,0.05,0.05,0.95,0.05,0.95,-0.05,-0.05,-0.5,0.333333,0.379167,0.416667,0.333333,0.333333,0.35,0.5,0.5,0.425,0.35,0.5,0.333333,0.5,1,0,0,0.5,0.5,0.333333,0.25,1,0,0.17
"wtaesq","wtaesq;q0.333;c0.250;t0.1700","2.359E-16","7.189E-11","51","PBias5",0.1,0,0,1,0,0,0,0,0,0,0.05,0.05,0.0802778,0.283333,0.05,0.080278,0.283333,0.283333,0.283333,0.0925,0.14,0.14,0.14,0.05,0.5,0.5,0.1,0.1,-0.025,0.775,0.05,0.05,0.05,0.95,0.05,0.95,-0.05,-0.05,-0.5,0.333333,0.404167,0.416667,0.333333,0.333333,0.45,0.5,0.5,0.475,0.45,0.5,0.333333,0.5,1,0,0,0.5,0.5,0.333333,0.25,1,0,0.17
"wtaesq","wtaesq;q0.333;c0.250;t0.1700","2.359E-16","7.189E-11","51","PBias6",0.1,0,0,0,1,0,0,0,0,0,0.499955,0.05,0.0177778,0.133333,0,0.177778,0.4,0.475,0.325,0,0,0.125,0.125,0.2,0.5,0.5,0.2,0.2,0.075,0.675,0.2,,0.075,0.675,0.075,0.675,-0.05,-0.05,-0.5,0.333333,0.429167,0.416667,0.333333,0.333333,0.55,0.5,0.5,0.525,0.55,0.5,0.333333,0.5,1,0,0,0.5,0.5,0.333333,0.25,1,0,0.17
"wtaesq","wtaesq;q0.333;c0.250;t0.1700","2.359E-16","7.189E-11","51","PBias7",0.1,0,0,0,1,0,0,0,0,0,0.65,0.05,0.0011111,0.0333333,0,0.211111,0.433333,0.483333,0.383333,0,0,0.125,0.125,0.3,0.5,0.5,0.3,0.3,0.175,0.575,0.3,,0.175,0.575,0.175,0.575,-0.05,-0.05,-0.5,0.333333,0.454167,0.416667,0.333333,0.333333,0.65,0.5,0.5,0.575,0.65,0.5,0.333333,0.5,1,0,0,0.5,0.5,0.333333,0.25,1,0,0.17
"wtaesq","wtaesq;q0.333;c0.250;t0.1700","2.359E-16","7.189E-11","51","PBias8",0.1,0,0,0,1,0,0,0,0,0,0.65,0.05,0.0044444,0.0666667,0,0.244444,0.466667,0.491667,0.441667,0,0,0.125,0.125,0.4,0.5,0.5,0.4,0.4,0.275,0.475,0.4,,0.275,0.475,0.275,0.475,-0.05,-0.05,-0.5,0.333333,0.479167,0.416667,0.333333,0.333333,0.75,0.5,0.5,0.625,0.75,0.5,0.333333,0.5,1,0,0,0.5,0.5,0.333333,0.25,1,0,0.17
"wtaesq","wtaesq;q0.333;c0.250;t0.1700","2.359E-16","7.189E-11","51","PBias9",0.1,0,0,0,1,0,0,0,0,0,0.75,0.05,0.0277778,0.166667,0,0.277778,0.5,0.5,0.5,0,0,0.125,0.125,0.5,0.5,0.5,0.5,0.5,0.375,0.375,0.5,,0.375,0.375,0.375,0.375,-0.05,-0.05,-0.5,0.333333,0.504167,0.416667,0.333333,0.333333,0.85,0.5,0.5,0.675,0.85,0.5,0.333333,0.5,1,0,0,0.5,0.5,0.333333,0.25,1,0,0.17
"wtaesq","wtaesq;q0.333;c0.250;t0.1700","2.359E-16","7.189E-11","51","PBias10",0.1,0,0,0,1,0,0,0,0,0,0.843326,0.05,0.0711111,0.266667,0,0.311111,0.533333,0.508333,0.558333,0,0,0.125,0.125,0.6,0.5,0.5,0.6,0.6,0.475,0.275,0.6,,0.475,0.275,0.475,0.275,-0.05,-0.05,-0.5,0.333333,0.529167,0.416667,0.333333,0.333333,0.95,0.5,0.5,0.725,0.95,0.5,0.333333,0.5,1,0,0,0.5,0.5,0.333333,0.25,1,0,0.17
"wtaesq","wtaesq;q0.333;c0.250;t0.1700","2.359E-16","7.189E-11","51","DBias1",0.1,0,0,0.5,0.5,0,0,0,0,0,0.364328,0.05,0.0950694,0.308333,0.025,0.095694,0.308333,0.370833,0.245833,0.00125,0.025,0.0875,0.0875,0.025,0.5,0.5,0,0,-0.125,0.875,0.025,0.05,-0.0375,0.9125,-0.0375,0.9125,-0.05,-0.05,-0.5,0.333333,0.416667,0.304167,0.333333,0.333333,0.5,0.05,0.5,0.275,0.5,0.05,0.333333,0.5,1,0,0,0.5,0.5,0.333333,0.25,1,0,0.17
"wtaesq","wtaesq;q0.333;c0.250;t0.1700","2.359E-16","7.189E-11","51","DBias2",0.1,0,0,0.5,0.5,0,0,0,0,0,0.364328,0.05,0.0950694,0.308333,0.025,0.095694,0.308333,0.370833,0.245833,0.00125,0.025,0.0875,0.0875,0.025,0.5,0.5,0,0,-0.125,0.875,0.025,0.05,-0.0375,0.9125,-0.0375,0.9125,-0.05,-0.05,-0.5,0.333333,0.416667,0.329167,0.333333,0.333333,0.5,0.15,0.5,0.325,0.5,0.15,0.333333,0.5,1,0,0,0.5,0.5,0.333333,0.25,1,0,0.17
"wtaesq","wtaesq;q0.333;c0.250;t0.1700","2.359E-16","7.189E-11","51","DBias3",0.1,0,0,0.5,0.5,0,0,0,0,0,0.364328,0.05,0.0950694,0.308333,0.025,0.095694,0.308333,0.370833,0.245833,0.00125,0.025,0.0875,0.0875,0.025,0.5,0.5,0,0,-0.125,0.875,0.025,0.05,-0.0375,0.9125,-0.0375,0.9125,-0.05,-0.05,-0.5,0.333333,0.416667,0.354167,0.333333,0.333333,0.5,0.25,0.5,0.375,0.5,0.25,0.333333,0.5,1,0,0,0.5,0.5,0.333333,0.25,1,0,0.17
"wtaesq","wtaesq;q0.333;c0.250;t0.1700","2.359E-16","7.189E-11","51","DBias4",0.1,0,0,0.5,0.5,0,0,0,0,0,0.364328,0.05,0.0950694,0.308333,0.025,0.095694,0.308333,0.370833,0.245833,0.00125,0.025,0.0875,0.0875,0.025,0.5,0.5,0,0,-0.125,0.875,0.025,0.05,-0.0375,0.9125,-0.0375,0.9125,-0.05,-0.05,-0.5,0.333333,0.416667,0.379167,0.333333,0.333333,0.5,0.35,0.5,0.425,0.5,0.35,0.333333,0.5,1,0,0,0.5,0.5,0.333333,0.25,1,0,0.17
"wtaesq","wtaesq;q0.333;c0.250;t0.1700","2.359E-16","7.189E-11","51","DBias5",0.1,0,0,0.5,0.5,0,0,0,0,0,0.364328,0.05,0.0434028,0.208333,0.025,0.129028,0.341667,0.379167,0.304167,0.00125,0.025,0.0875,0.0875,0.125,0.5,0.5,0.1,0.1,-0.025,0.775,0.125,0.05,0.0625,0.8125,0.0625,0.8125,-0.05,-0.05,-0.5,0.333333,0.416667,0.404167,0.333333,0.333333,0.5,0.45,0.5,0.475,0.5,0.45,0.333333,0.5,1,0,0,0.5,0.5,0.333333,0.25,1,0,0.17
"wtaesq","wtaesq;q0.333;c0.250;t0.1700","2.359E-16","7.189E-11","51","DBias6",0.1,0,0,0.5,0.5,0,0,0,0,0,0.364328,0.05,0.0117361,0.108333,0.025,0.162361,0.375,0.3875,0.3625,0.00125,0.025,0.0875,0.0875,0.225,0.5,0.5,0.2,0.2,0.075,0.675,0.225,0.05,0.1625,0.7125,0.1625,0.7125,-0.05,-0.05,-0.5,0.333333,0.416667,0.429167,0.333333,0.333333,0.5,0.55,0.5,0.525,0.5,0.55,0.333333,0.5,1,0,0,0.5,0.5,0.333333,0.25,1,0,0.17
"wtaesq","wtaesq;q0.333;c0.250;t0.1700","2.359E-16","7.189E-11","51","DBias7",0.1,0,0,0.5,0.5,0,0,0,0,0,0.364328,0.05,6.9444E-5,0.00833333,0.025,0.195694,0.408333,0.395833,0.420833,0.00125,0.025,0.0875,0.0875,0.325,0.5,0.5,0.3,0.3,0.175,0.575,0.325,0.05,0.2625,0.6125,0.2625,0.6125,-0.05,-0.05,-0.5,0.333333,0.416667,0.454167,0.333333,0.333333,0.5,0.65,0.5,0.575,0.5,0.65,0.333333,0.5,1,0,0,0.5,0.5,0.333333,0.25,1,0,0.17
"wtaesq","wtaesq;q0.333;c0.250;t0.1700","2.359E-16","7.189E-11","51","DBias8",0.1,0,0,0.5,0.5,0,0,0,0,0,0.364328,0.05,0.0084028,0.0916667,0.025,0.229028,0.441667,0.404167,0.479167,0.00125,0.025,0.0875,0.0875,0.425,0.5,0.5,0.4,0.4,0.275,0.475,0.425,0.05,0.3625,0.5125,0.3625,0.5125,-0.05,-0.05,-0.5,0.333333,0.416667,0.479167,0.333333,0.333333,0.5,0.75,0.5,0.625,0.5,0.75,0.333333,0.5,1,0,0,0.5,0.5,0.333333,0.25,1,0,0.17
"wtaesq","wtaesq;q0.333;c0.250;t0.1700","2.359E-16","7.189E-11","51","DBias9",0.1,0,0,0.5,0.5,0,0,0,0,0,0.364328,0.05,0.0367361,0.191667,0.025,0.262361,0.475,0.4125,0.5375,0.00125,0.025,0.0875,0.0875,0.525,0.5,0.5,0.5,0.5,0.375,0.375,0.525,0.05,0.4625,0.4125,0.4625,0.4125,-0.05,-0.05,-0.5,0.333333,0.416667,0.504167,0.333333,0.333333,0.5,0.85,0.5,0.675,0.5,0.85,0.333333,0.5,1,0,0,0.5,0.5,0.333333,0.25,1,0,0.17
"wtaesq","wtaesq;q0.333;c0.250;t0.1700","2.359E-16","7.189E-11","51","DBias10",0.1,0,0,0.5,0.5,0,0,0,0,0,0.364328,0.05,0.0367361,0.191667,0.075,0.262361,0.475,0.4125,0.5375,0.09125,0.115,0.1775,0.1775,0.525,0.5,0.5,0.6,0.6,0.475,0.275,0.525,0.05,0.4625,0.4125,0.4625,0.4125,-0.05,-0.05,-0.5,0.333333,0.416667,0.529167,0.333333,0.333333,0.5,0.95,0.5,0.725,0.5,0.95,0.333333,0.5,1,0,0,0.5,0.5,0.333333,0.25,1,0,0.17
"wtaesq","wtaesq;q0.333;c0.250;t0.1700","2.359E-16","7.189E-11","51","POffer1",0,,,,,,,,,,,,,,,,,,,,,,,,,,,,,,,,,,,,,,,,,,,,,,,,,,,,,,,,,,,,,
"wtaesq","wtaesq;q0.333;c0.250;t0.1700","2.359E-16","7.189E-11","51","POffer2",0.5,0,0,1,0,0,0,0,0,0,0.05,0.05,0.0802778,0.283333,0.03,0.080278,0.283333,0.283333,0.283333,0.0205,0.068,0.068,0.068,0.05,0.5,0.5,0.02,0.02,-0.105,0.855,0.05,0.05,0.05,0.95,0.05,0.95,-0.05,-0.05,-0.5,0.333333,0.354167,0.416667,0.333333,0.333333,0.25,0.5,0.5,0.375,0.25,0.5,0.333333,0.5,1,0,0,0.5,0.5,0.333333,0.25,1,0,0.17
"wtaesq","wtaesq;q0.333;c0.250;t0.1700","2.359E-16","7.189E-11","51","POffer3",0,,,,,,,,,,,,,,,,,,,,,,,,,,,,,,,,,,,,,,,,,,,,,,,,,,,,,,,,,,,,,
"wtaesq","wtaesq;q0.333;c0.250;t0.1700","2.359E-16","7.189E-11","51","POffer4",0,,,,,,,,,,,,,,,,,,,,,,,,,,,,,,,,,,,,,,,,,,,,,,,,,,,,,,,,,,,,,
"wtaesq","wtaesq;q0.333;c0.250;t0.1700","2.359E-16","7.189E-11","51","POffer5",0,,,,,,,,,,,,,,,,,,,,,,,,,,,,,,,,,,,,,,,,,,,,,,,,,,,,,,,,,,,,,
"wtaesq","wtaesq;q0.333;c0.250;t0.1700","2.359E-16","7.189E-11","51","POffer6",0.05,0,0,0,1,0,0,0,0,0,0.45,0.05,0.0177778,0.133333,0,0.177778,0.4,0.475,0.325,0,0,0.125,0.125,0.2,0.5,0.5,0.2,0.2,0.075,0.675,0.2,,0.075,0.675,0.075,0.675,-0.05,-0.05,-0.5,0.333333,0.429167,0.416667,0.333333,0.333333,0.55,0.5,0.5,0.525,0.55,0.5,0.333333,0.5,1,0,0,0.5,0.5,0.333333,0.25,1,0,0.17
"wtaesq","wtaesq;q0.333;c0.250;t0.1700","2.359E-16","7.189E-11","51","POffer7",0.05,0,0,0,1,0,0,0,0,0,0.55,0.05,0.0177778,0.133333,0,0.177778,0.4,0.475,0.325,0,0,0.125,0.125,0.2,0.5,0.5,0.2,0.2,0.075,0.675,0.2,,0.075,0.675,0.075,0.675,-0.05,-0.05,-0.5,0.333333,0.429167,0.416667,0.333333,0.333333,0.55,0.5,0.5,0.525,0.55,0.5,0.333333,0.5,1,0,0,0.5,0.5,0.333333,0.25,1,0,0.17
"wtaesq","wtaesq;q0.333;c0.250;t0.1700","2.359E-16","7.189E-11","51","POffer8",0.2,0,0,0,1,0,0,0,0,0,0.65,0.05,0.0002778,0.0166667,0,0.227778,0.45,0.4875,0.4125,0,0,0.125,0.125,0.35,0.5,0.5,0.35,0.35,0.225,0.525,0.35,,0.225,0.525,0.225,0.525,-0.05,-0.05,-0.5,0.333333,0.466667,0.416667,0.333333,0.333333,0.7,0.5,0.5,0.6,0.7,0.5,0.333333,0.5,1,0,0,0.5,0.5,0.333333,0.25,1,0,0.17
"wtaesq","wtaesq;q0.333;c0.250;t0.1700","2.359E-16","7.189E-11","51","POffer9",0.1067,0,0,0,1,0,0,0,0,0,0.75,0.05,0.0299023,0.172923,0,0.279863,0.502085,0.500521,0.503649,0,0,0.125,0.125,0.506256,0.5,0.5,0.506256,0.506256,0.381256,0.368744,0.506256,,0.381256,0.368744,0.381256,0.368744,-0.05,-0.05,-0.5,0.333333,0.505731,0.416667,0.333333,0.333333,0.856256,0.5,0.5,0.678128,0.856256,0.5,0.333333,0.5,1,0,0,0.5,0.5,0.333333,0.25,1,0,0.17
"wtaesq","wtaesq;q0.333;c0.250;t0.1700","2.359E-16","7.189E-11","51","POffer10",0.0933,0,0,0,1,0,0,0,0,0,0.85,0.05,0.0711111,0.266667,0,0.311111,0.533333,0.508333,0.558333,0,0,0.125,0.125,0.6,0.5,0.5,0.6,0.6,0.475,0.275,0.6,,0.475,0.275,0.475,0.275,-0.05,-0.05,-0.5,0.333333,0.529167,0.416667,0.333333,0.333333,0.95,0.5,0.5,0.725,0.95,0.5,0.333333,0.5,1,0,0,0.5,0.5,0.333333,0.25,1,0,0.17
"wtaesq","wtaesq;q0.333;c0.250;t0.1700","2.359E-16","7.189E-11","51","POffer11",0,,,,,,,,,,,,,,,,,,,,,,,,,,,,,,,,,,,,,,,,,,,,,,,,,,,,,,,,,,,,,
"wtaesq","wtaesq;q0.333;c0.250;t0.1700","2.359E-16","7.189E-11","51","POffer12",0,,,,,,,,,,,,,,,,,,,,,,,,,,,,,,,,,,,,,,,,,,,,,,,,,,,,,,,,,,,,,
"wtaesq","wtaesq;q0.333;c0.250;t0.1700","2.359E-16","7.189E-11","51","DOffer1",0,,,,,,,,,,,,,,,,,,,,,,,,,,,,,,,,,,,,,,,,,,,,,,,,,,,,,,,,,,,,,
"wtaesq","wtaesq;q0.333;c0.250;t0.1700","2.359E-16","7.189E-11","51","DOffer2",1,0,0,0.5,0.5,0,0,0,0,0,0.364328,0.05,0.0117361,0.108333,0.015,0.162361,0.375,0.3875,0.3625,0.01025,0.034,0.0965,0.0965,0.225,0.5,0.5,0.21,0.21,0.085,0.665,0.225,0.05,0.1625,0.7125,0.1625,0.7125,-0.05,-0.05,-0.5,0.333333,0.416667,0.416667,0.333333,0.333333,0.5,0.5,0.5,0.5,0.5,0.5,0.333333,0.5,1,0,0,0.5,0.5,0.333333,0.25,1,0,0.17
"wtaesq","wtaesq;q0.333;c0.250;t0.1700","2.359E-16","7.189E-11","51","DOffer3",0,,,,,,,,,,,,,,,,,,,,,,,,,,,,,,,,,,,,,,,,,,,,,,,,,,,,,,,,,,,,,
"wtaesq","wtaesq;q0.333;c0.250;t0.1700","2.359E-16","7.189E-11","51","DOffer4",0,,,,,,,,,,,,,,,,,,,,,,,,,,,,,,,,,,,,,,,,,,,,,,,,,,,,,,,,,,,,,
"wtaesq","wtaesq;q0.333;c0.250;t0.1700","2.359E-16","7.189E-11","51","DOffer5",0,,,,,,,,,,,,,,,,,,,,,,,,,,,,,,,,,,,,,,,,,,,,,,,,,,,,,,,,,,,,,
"wtaesq","wtaesq;q0.333;c0.250;t0.1700","2.359E-16","7.189E-11","51","DOffer6",0,,,,,,,,,,,,,,,,,,,,,,,,,,,,,,,,,,,,,,,,,,,,,,,,,,,,,,,,,,,,,
"wtaesq","wtaesq;q0.333;c0.250;t0.1700","2.359E-16","7.189E-11","51","DOffer7",0,,,,,,,,,,,,,,,,,,,,,,,,,,,,,,,,,,,,,,,,,,,,,,,,,,,,,,,,,,,,,
"wtaesq","wtaesq;q0.333;c0.250;t0.1700","2.359E-16","7.189E-11","51","DOffer8",0,,,,,,,,,,,,,,,,,,,,,,,,,,,,,,,,,,,,,,,,,,,,,,,,,,,,,,,,,,,,,
"wtaesq","wtaesq;q0.333;c0.250;t0.1700","2.359E-16","7.189E-11","51","DOffer9",0,,,,,,,,,,,,,,,,,,,,,,,,,,,,,,,,,,,,,,,,,,,,,,,,,,,,,,,,,,,,,
"wtaesq","wtaesq;q0.333;c0.250;t0.1700","2.359E-16","7.189E-11","51","DOffer10",0,,,,,,,,,,,,,,,,,,,,,,,,,,,,,,,,,,,,,,,,,,,,,,,,,,,,,,,,,,,,,
"wtaesq","wtaesq;q0.333;c0.250;t0.1700","2.359E-16","7.189E-11","51","DOffer11",0,,,,,,,,,,,,,,,,,,,,,,,,,,,,,,,,,,,,,,,,,,,,,,,,,,,,,,,,,,,,,
"wtaesq","wtaesq;q0.333;c0.250;t0.1700","2.359E-16","7.189E-11","51","DOffer12",0,,,,,,,,,,,,,,,,,,,,,,,,,,,,,,,,,,,,,,,,,,,,,,,,,,,,,,,,,,,,,
"wtaesq","wtaesq;q0.333;c0.250;t0.1700","2.359E-16","7.189E-11","51","QualitySum1",0,,,,,,,,,,,,,,,,,,,,,,,,,,,,,,,,,,,,,,,,,,,,,,,,,,,,,,,,,,,,,
"wtaesq","wtaesq;q0.333;c0.250;t0.1700","2.359E-16","7.189E-11","51","QualitySum2",0,,,,,,,,,,,,,,,,,,,,,,,,,,,,,,,,,,,,,,,,,,,,,,,,,,,,,,,,,,,,,
"wtaesq","wtaesq;q0.333;c0.250;t0.1700","2.359E-16","7.189E-11","51","QualitySum3",0,,,,,,,,,,,,,,,,,,,,,,,,,,,,,,,,,,,,,,,,,,,,,,,,,,,,,,,,,,,,,
"wtaesq","wtaesq;q0.333;c0.250;t0.1700","2.359E-16","7.189E-11","51","QualitySum4",0,,,,,,,,,,,,,,,,,,,,,,,,,,,,,,,,,,,,,,,,,,,,,,,,,,,,,,,,,,,,,
"wtaesq","wtaesq;q0.333;c0.250;t0.1700","2.359E-16","7.189E-11","51","QualitySum5",0,,,,,,,,,,,,,,,,,,,,,,,,,,,,,,,,,,,,,,,,,,,,,,,,,,,,,,,,,,,,,
"wtaesq","wtaesq;q0.333;c0.250;t0.1700","2.359E-16","7.189E-11","51","QualitySum6",0,,,,,,,,,,,,,,,,,,,,,,,,,,,,,,,,,,,,,,,,,,,,,,,,,,,,,,,,,,,,,
"wtaesq","wtaesq;q0.333;c0.250;t0.1700","2.359E-16","7.189E-11","51","QualitySum7",1,0,0,0.5,0.5,0,0,0,0,0,0.364328,0.05,0.0117361,0.108333,0.015,0.162361,0.375,0.3875,0.3625,0.01025,0.034,0.0965,0.0965,0.225,0.5,0.5,0.21,0.21,0.085,0.665,0.225,0.05,0.1625,0.7125,0.1625,0.7125,-0.05,-0.05,-0.5,0.333333,0.416667,0.416667,0.333333,0.333333,0.5,0.5,0.5,0.5,0.5,0.5,0.333333,0.5,1,0,0,0.5,0.5,0.333333,0.25,1,0,0.17
"wtaesq","wtaesq;q0.333;c0.250;t0.1700","2.359E-16","7.189E-11","51","QualitySum8",0,,,,,,,,,,,,,,,,,,,,,,,,,,,,,,,,,,,,,,,,,,,,,,,,,,,,,,,,,,,,,
"wtaesq","wtaesq;q0.333;c0.250;t0.1700","2.359E-16","7.189E-11","51","QualitySum9",0,,,,,,,,,,,,,,,,,,,,,,,,,,,,,,,,,,,,,,,,,,,,,,,,,,,,,,,,,,,,,
"wtaesq","wtaesq;q0.333;c0.250;t0.1700","2.359E-16","7.189E-11","51","QualitySum10",0,,,,,,,,,,,,,,,,,,,,,,,,,,,,,,,,,,,,,,,,,,,,,,,,,,,,,,,,,,,,,
"wtaesq","wtaesq;q0.333;c0.250;t0.1700","2.359E-16","7.189E-11","51","QualitySum11",0,,,,,,,,,,,,,,,,,,,,,,,,,,,,,,,,,,,,,,,,,,,,,,,,,,,,,,,,,,,,,
"wtaesq","wtaesq;q0.333;c0.250;t0.1700","2.359E-16","7.189E-11","51","QualitySum12",0,,,,,,,,,,,,,,,,,,,,,,,,,,,,,,,,,,,,,,,,,,,,,,,,,,,,,,,,,,,,,
"wtaesq","wtaesq;q0.333;c0.250;t0.1700","2.359E-16","7.189E-11","51","QualitySum13",0,,,,,,,,,,,,,,,,,,,,,,,,,,,,,,,,,,,,,,,,,,,,,,,,,,,,,,,,,,,,,
"wtaesq","wtaesq;q0.333;c0.250;t0.1700","2.359E-16","7.189E-11","51","QualitySum14",0,,,,,,,,,,,,,,,,,,,,,,,,,,,,,,,,,,,,,,,,,,,,,,,,,,,,,,,,,,,,,
"wtaesq","wtaesq;q0.333;c0.250;t0.1700","2.359E-16","7.189E-11","51","QualitySum15",0,,,,,,,,,,,,,,,,,,,,,,,,,,,,,,,,,,,,,,,,,,,,,,,,,,,,,,,,,,,,,
"wtaesq","wtaesq;q0.333;c0.250;t0.1700","2.359E-16","7.189E-11","51","QualitySum16",0,,,,,,,,,,,,,,,,,,,,,,,,,,,,,,,,,,,,,,,,,,,,,,,,,,,,,,,,,,,,,
"wtaesq","wtaesq;q0.333;c0.250;t0.1700","2.359E-16","7.189E-11","51","QualitySum17",0,,,,,,,,,,,,,,,,,,,,,,,,,,,,,,,,,,,,,,,,,,,,,,,,,,,,,,,,,,,,,
"wtaesq","wtaesq;q0.333;c0.250;t0.1700","2.359E-16","7.189E-11","51","QualitySum18",0,,,,,,,,,,,,,,,,,,,,,,,,,,,,,,,,,,,,,,,,,,,,,,,,,,,,,,,,,,,,,
"wtaesq","wtaesq;q0.333;c0.250;t0.1700","2.359E-16","7.189E-11","51","QualitySum19",0,,,,,,,,,,,,,,,,,,,,,,,,,,,,,,,,,,,,,,,,,,,,,,,,,,,,,,,,,,,,,
"wtaesq","wtaesq;q0.333;c0.250;t0.1700","2.359E-16","7.189E-11","51","QualitySum20",0,,,,,,,,,,,,,,,,,,,,,,,,,,,,,,,,,,,,,,,,,,,,,,,,,,,,,,,,,,,,,
"wtaesq","wtaesq;q0.333;c0.250;t0.1700","2.359E-16","7.189E-11","51","PBestGuess1",0,,,,,,,,,,,,,,,,,,,,,,,,,,,,,,,,,,,,,,,,,,,,,,,,,,,,,,,,,,,,,
"wtaesq","wtaesq;q0.333;c0.250;t0.1700","2.359E-16","7.189E-11","51","PBestGuess2",0,,,,,,,,,,,,,,,,,,,,,,,,,,,,,,,,,,,,,,,,,,,,,,,,,,,,,,,,,,,,,
"wtaesq","wtaesq;q0.333;c0.250;t0.1700","2.359E-16","7.189E-11","51","PBestGuess3",0,,,,,,,,,,,,,,,,,,,,,,,,,,,,,,,,,,,,,,,,,,,,,,,,,,,,,,,,,,,,,
"wtaesq","wtaesq;q0.333;c0.250;t0.1700","2.359E-16","7.189E-11","51","PBestGuess4",0,,,,,,,,,,,,,,,,,,,,,,,,,,,,,,,,,,,,,,,,,,,,,,,,,,,,,,,,,,,,,
"wtaesq","wtaesq;q0.333;c0.250;t0.1700","2.359E-16","7.189E-11","51","PBestGuess5",0,,,,,,,,,,,,,,,,,,,,,,,,,,,,,,,,,,,,,,,,,,,,,,,,,,,,,,,,,,,,,
"wtaesq","wtaesq;q0.333;c0.250;t0.1700","2.359E-16","7.189E-11","51","PBestGuess6",0,,,,,,,,,,,,,,,,,,,,,,,,,,,,,,,,,,,,,,,,,,,,,,,,,,,,,,,,,,,,,
"wtaesq","wtaesq;q0.333;c0.250;t0.1700","2.359E-16","7.189E-11","51","PBestGuess7",0.2,0,0,1,0,0,0,0,0,0,0.05,0.05,0.0802778,0.283333,0.05,0.080278,0.283333,0.283333,0.283333,0.0025,0.05,0.05,0.05,0.05,0.5,0.5,0,0,-0.125,0.875,0.05,0.05,0.05,0.95,0.05,0.95,-0.05,-0.05,-0.5,0.333333,0.316667,0.416667,0.333333,0.333333,0.1,0.5,0.5,0.3,0.1,0.5,0.333333,0.5,1,0,0,0.5,0.5,0.333333,0.25,1,0,0.17
"wtaesq","wtaesq;q0.333;c0.250;t0.1700","2.359E-16","7.189E-11","51","PBestGuess8",0.2,0,0,1,0,0,0,0,0,0,0.05,0.05,0.0802778,0.283333,0.05,0.080278,0.283333,0.283333,0.283333,0.0025,0.05,0.05,0.05,0.05,0.5,0.5,0,0,-0.125,0.875,0.05,0.05,0.05,0.95,0.05,0.95,-0.05,-0.05,-0.5,0.333333,0.366667,0.416667,0.333333,0.333333,0.3,0.5,0.5,0.4,0.3,0.5,0.333333,0.5,1,0,0,0.5,0.5,0.333333,0.25,1,0,0.17
"wtaesq","wtaesq;q0.333;c0.250;t0.1700","2.359E-16","7.189E-11","51","PBestGuess9",0.2,0,0,0.5,0.5,0,0,0,0,0,0.274977,0.05,0.0434028,0.208333,0.025,0.129028,0.341667,0.379167,0.304167,0.04625,0.07,0.1325,0.1325,0.125,0.5,0.5,0.15,0.15,0.025,0.725,0.125,0.05,0.0625,0.8125,0.0625,0.8125,-0.05,-0.05,-0.5,0.333333,0.416667,0.416667,0.333333,0.333333,0.5,0.5,0.5,0.5,0.5,0.5,0.333333,0.5,1,0,0,0.5,0.5,0.333333,0.25,1,0,0.17
"wtaesq","wtaesq;q0.333;c0.250;t0.1700","2.359E-16","7.189E-11","51","PBestGuess10",0.2,0,0,0,1,0,0,0,0,0,0.65,0.05,0.0002778,0.0166667,0,0.227778,0.45,0.4875,0.4125,0,0,0.125,0.125,0.35,0.5,0.5,0.35,0.35,0.225,0.525,0.35,,0.225,0.525,0.225,0.525,-0.05,-0.05,-0.5,0.333333,0.466667,0.416667,0.333333,0.333333,0.7,0.5,0.5,0.6,0.7,0.5,0.333333,0.5,1,0,0,0.5,0.5,0.333333,0.25,1,0,0.17
"wtaesq","wtaesq;q0.333;c0.250;t0.1700","2.359E-16","7.189E-11","51","PBestGuess11",0.2,0,0,0,1,0,0,0,0,0,0.796663,0.05,0.0469444,0.216667,0,0.294444,0.516667,0.504167,0.529167,0,0,0.125,0.125,0.55,0.5,0.5,0.55,0.55,0.425,0.325,0.55,,0.425,0.325,0.425,0.325,-0.05,-0.05,-0.5,0.333333,0.516667,0.416667,0.333333,0.333333,0.9,0.5,0.5,0.7,0.9,0.5,0.333333,0.5,1,0,0,0.5,0.5,0.333333,0.25,1,0,0.17
"wtaesq","wtaesq;q0.333;c0.250;t0.1700","2.359E-16","7.189E-11","51","PBestGuess12",0,,,,,,,,,,,,,,,,,,,,,,,,,,,,,,,,,,,,,,,,,,,,,,,,,,,,,,,,,,,,,
"wtaesq","wtaesq;q0.333;c0.250;t0.1700","2.359E-16","7.189E-11","51","PBestGuess13",0,,,,,,,,,,,,,,,,,,,,,,,,,,,,,,,,,,,,,,,,,,,,,,,,,,,,,,,,,,,,,
"wtaesq","wtaesq;q0.333;c0.250;t0.1700","2.359E-16","7.189E-11","51","PBestGuess14",0,,,,,,,,,,,,,,,,,,,,,,,,,,,,,,,,,,,,,,,,,,,,,,,,,,,,,,,,,,,,,
"wtaesq","wtaesq;q0.333;c0.250;t0.1700","2.359E-16","7.189E-11","51","PBestGuess15",0,,,,,,,,,,,,,,,,,,,,,,,,,,,,,,,,,,,,,,,,,,,,,,,,,,,,,,,,,,,,,
"wtaesq","wtaesq;q0.333;c0.250;t0.1700","2.359E-16","7.189E-11","51","PBestGuess16",0,,,,,,,,,,,,,,,,,,,,,,,,,,,,,,,,,,,,,,,,,,,,,,,,,,,,,,,,,,,,,
"wtaesq","wtaesq;q0.333;c0.250;t0.1700","2.359E-16","7.189E-11","51","PBestGuess17",0,,,,,,,,,,,,,,,,,,,,,,,,,,,,,,,,,,,,,,,,,,,,,,,,,,,,,,,,,,,,,
"wtaesq","wtaesq;q0.333;c0.250;t0.1700","2.359E-16","7.189E-11","51","PBestGuess18",0,,,,,,,,,,,,,,,,,,,,,,,,,,,,,,,,,,,,,,,,,,,,,,,,,,,,,,,,,,,,,
"wtaesq","wtaesq;q0.333;c0.250;t0.1700","2.359E-16","7.189E-11","51","PBestGuess19",0,,,,,,,,,,,,,,,,,,,,,,,,,,,,,,,,,,,,,,,,,,,,,,,,,,,,,,,,,,,,,
"wtaesq","wtaesq;q0.333;c0.250;t0.1700","2.359E-16","7.189E-11","51","PBestGuess20",0,,,,,,,,,,,,,,,,,,,,,,,,,,,,,,,,,,,,,,,,,,,,,,,,,,,,,,,,,,,,,
"wtaesq","wtaesq;q0.333;c0.250;t0.1700","2.359E-16","7.189E-11","51","DBestGuess1",0,,,,,,,,,,,,,,,,,,,,,,,,,,,,,,,,,,,,,,,,,,,,,,,,,,,,,,,,,,,,,
"wtaesq","wtaesq;q0.333;c0.250;t0.1700","2.359E-16","7.189E-11","51","DBestGuess2",0,,,,,,,,,,,,,,,,,,,,,,,,,,,,,,,,,,,,,,,,,,,,,,,,,,,,,,,,,,,,,
"wtaesq","wtaesq;q0.333;c0.250;t0.1700","2.359E-16","7.189E-11","51","DBestGuess3",0,,,,,,,,,,,,,,,,,,,,,,,,,,,,,,,,,,,,,,,,,,,,,,,,,,,,,,,,,,,,,
"wtaesq","wtaesq;q0.333;c0.250;t0.1700","2.359E-16","7.189E-11","51","DBestGuess4",0,,,,,,,,,,,,,,,,,,,,,,,,,,,,,,,,,,,,,,,,,,,,,,,,,,,,,,,,,,,,,
"wtaesq","wtaesq;q0.333;c0.250;t0.1700","2.359E-16","7.189E-11","51","DBestGuess5",0,,,,,,,,,,,,,,,,,,,,,,,,,,,,,,,,,,,,,,,,,,,,,,,,,,,,,,,,,,,,,
"wtaesq","wtaesq;q0.333;c0.250;t0.1700","2.359E-16","7.189E-11","51","DBestGuess6",0,,,,,,,,,,,,,,,,,,,,,,,,,,,,,,,,,,,,,,,,,,,,,,,,,,,,,,,,,,,,,
"wtaesq","wtaesq;q0.333;c0.250;t0.1700","2.359E-16","7.189E-11","51","DBestGuess7",0.2,0,0,0.5,0.5,0,0,0,0,0,0.364328,0.05,0.0950694,0.308333,0.025,0.095694,0.308333,0.370833,0.245833,0.00125,0.025,0.0875,0.0875,0.025,0.5,0.5,0,0,-0.125,0.875,0.025,0.05,-0.0375,0.9125,-0.0375,0.9125,-0.05,-0.05,-0.5,0.333333,0.416667,0.316667,0.333333,0.333333,0.5,0.1,0.5,0.3,0.5,0.1,0.333333,0.5,1,0,0,0.5,0.5,0.333333,0.25,1,0,0.17
"wtaesq","wtaesq;q0.333;c0.250;t0.1700","2.359E-16","7.189E-11","51","DBestGuess8",0.2,0,0,0.5,0.5,0,0,0,0,0,0.364328,0.05,0.0950694,0.308333,0.025,0.095694,0.308333,0.370833,0.245833,0.00125,0.025,0.0875,0.0875,0.025,0.5,0.5,0,0,-0.125,0.875,0.025,0.05,-0.0375,0.9125,-0.0375,0.9125,-0.05,-0.05,-0.5,0.333333,0.416667,0.366667,0.333333,0.333333,0.5,0.3,0.5,0.4,0.5,0.3,0.333333,0.5,1,0,0,0.5,0.5,0.333333,0.25,1,0,0.17
"wtaesq","wtaesq;q0.333;c0.250;t0.1700","2.359E-16","7.189E-11","51","DBestGuess9",0.2,0,0,0.5,0.5,0,0,0,0,0,0.364328,0.05,0.0250694,0.158333,0.025,0.145694,0.358333,0.383333,0.333333,0.00125,0.025,0.0875,0.0875,0.175,0.5,0.5,0.15,0.15,0.025,0.725,0.175,0.05,0.1125,0.7625,0.1125,0.7625,-0.05,-0.05,-0.5,0.333333,0.416667,0.416667,0.333333,0.333333,0.5,0.5,0.5,0.5,0.5,0.5,0.333333,0.5,1,0,0,0.5,0.5,0.333333,0.25,1,0,0.17
"wtaesq","wtaesq;q0.333;c0.250;t0.1700","2.359E-16","7.189E-11","51","DBestGuess10",0.2,0,0,0.5,0.5,0,0,0,0,0,0.364328,0.05,0.0017361,0.0416667,0.025,0.212361,0.425,0.4,0.45,0.00125,0.025,0.0875,0.0875,0.375,0.5,0.5,0.35,0.35,0.225,0.525,0.375,0.05,0.3125,0.5625,0.3125,0.5625,-0.05,-0.05,-0.5,0.333333,0.416667,0.466667,0.333333,0.333333,0.5,0.7,0.5,0.6,0.5,0.7,0.333333,0.5,1,0,0,0.5,0.5,0.333333,0.25,1,0,0.17
"wtaesq","wtaesq;q0.333;c0.250;t0.1700","2.359E-16","7.189E-11","51","DBestGuess11",0.2,0,0,0.5,0.5,0,0,0,0,0,0.364328,0.05,0.0367361,0.191667,0.025,0.262361,0.475,0.4125,0.5375,0.04625,0.07,0.1325,0.1325,0.525,0.5,0.5,0.55,0.55,0.425,0.325,0.525,0.05,0.4625,0.4125,0.4625,0.4125,-0.05,-0.05,-0.5,0.333333,0.416667,0.516667,0.333333,0.333333,0.5,0.9,0.5,0.7,0.5,0.9,0.333333,0.5,1,0,0,0.5,0.5,0.333333,0.25,1,0,0.17
"wtaesq","wtaesq;q0.333;c0.250;t0.1700","2.359E-16","7.189E-11","51","DBestGuess12",0,,,,,,,,,,,,,,,,,,,,,,,,,,,,,,,,,,,,,,,,,,,,,,,,,,,,,,,,,,,,,
"wtaesq","wtaesq;q0.333;c0.250;t0.1700","2.359E-16","7.189E-11","51","DBestGuess13",0,,,,,,,,,,,,,,,,,,,,,,,,,,,,,,,,,,,,,,,,,,,,,,,,,,,,,,,,,,,,,
"wtaesq","wtaesq;q0.333;c0.250;t0.1700","2.359E-16","7.189E-11","51","DBestGuess14",0,,,,,,,,,,,,,,,,,,,,,,,,,,,,,,,,,,,,,,,,,,,,,,,,,,,,,,,,,,,,,
"wtaesq","wtaesq;q0.333;c0.250;t0.1700","2.359E-16","7.189E-11","51","DBestGuess15",0,,,,,,,,,,,,,,,,,,,,,,,,,,,,,,,,,,,,,,,,,,,,,,,,,,,,,,,,,,,,,
"wtaesq","wtaesq;q0.333;c0.250;t0.1700","2.359E-16","7.189E-11","51","DBestGuess16",0,,,,,,,,,,,,,,,,,,,,,,,,,,,,,,,,,,,,,,,,,,,,,,,,,,,,,,,,,,,,,
"wtaesq","wtaesq;q0.333;c0.250;t0.1700","2.359E-16","7.189E-11","51","DBestGuess17",0,,,,,,,,,,,,,,,,,,,,,,,,,,,,,,,,,,,,,,,,,,,,,,,,,,,,,,,,,,,,,
"wtaesq","wtaesq;q0.333;c0.250;t0.1700","2.359E-16","7.189E-11","51","DBestGuess18",0,,,,,,,,,,,,,,,,,,,,,,,,,,,,,,,,,,,,,,,,,,,,,,,,,,,,,,,,,,,,,
"wtaesq","wtaesq;q0.333;c0.250;t0.1700","2.359E-16","7.189E-11","51","DBestGuess19",0,,,,,,,,,,,,,,,,,,,,,,,,,,,,,,,,,,,,,,,,,,,,,,,,,,,,,,,,,,,,,
"wtaesq","wtaesq;q0.333;c0.250;t0.1700","2.359E-16","7.189E-11","51","DBestGuess20",0,,,,,,,,,,,,,,,,,,,,,,,,,,,,,,,,,,,,,,,,,,,,,,,,,,,,,,,,,,,,,
