"GroupName","OptionSet","Exploit","Refine","Seconds","Filter","All","PQuits","DQuits","Settles","Trial","Shifting","ShiftingOccursIfTrial","ShiftingValueIfTrial","PQuits","DQuits","POffer","DOffer","DMSAcc","DMSAccL1","DMSTrialRelAccL1","AccSq","Accuracy","Accuracy_ForPlaintiff","Accuracy_ForDefendant","TrialRelativeAccSq","TrialRelativeAccuracy","TrialRelativeAccuracy_ForPlaintiff","TrialRelativeAccuracy_ForDefendant","SettlementOrJudgment","DsProportionOfCost","DsProportionOfCostIfTrial","TrialValuePreShiftingIfOccurs","TrialValueWithShiftingIfOccurs","PTrialEffect_IfOccurs","DTrialEffect_IfOccurs","ResolutionValueIncludingShiftedAmount","SettlementValue","PWealth","DWealth","PWelfare","DWelfare","PQuality","DQuality","NQuality","QualitySum","PBestGuess","DBestGuess","QualitySum_PInfo","QualitySum_DInfo","PBias","DBias","NBias","BiasSum","BiasSum_PInfo","BiasSum_DInfo","Quality","Alpha_Quality","Alpha_Both_Quality","Alpha_Plaintiff_Quality","Alpha_Defendant_Quality","Alpha_Plaintiff_Bias","Alpha_Defendant_Bias","Evidence_Both_Quality","TrialCost","FeeShifting","FSMargin","FeeShiftingThreshold"
"noshareq","noshareq;q0.833;c0.063;t0.2700","7.216E-16","1","17","All",1,0,0,0,1,0,0,0,0,0,0.81,0.41,0.0277778,0.166667,0,0.03809,0.169667,0.198542,0.143333,0,0,0.03125,0.03125,0.666667,0.5,0.5,0.666667,0.666667,0.635417,0.302083,0.666667,,0.635417,0.302083,0.635417,0.302083,-0.05,-0.05,-0.5,0.833333,0.666667,0.666667,0.833333,0.833333,0.5,0.5,0.5,0.5,0.5,0.5,0.833333,0.5,1,0,0,0.5,0.5,0.833333,0.0625,1,0,0.27
"noshareq","noshareq;q0.833;c0.063;t0.2700","7.216E-16","1","17","PBias1",0.1,0,0,0,1,0,0,0,0,0,0.75,0.41,0.077934,0.279167,0,0.08309,0.279167,0.310417,0.247917,0,0,0.03125,0.03125,0.554167,0.5,0.5,0.554167,0.554167,0.522917,0.414583,0.554167,,0.522917,0.414583,0.522917,0.414583,-0.05,-0.05,-0.5,0.833333,0.554167,0.666667,0.833333,0.833333,0.05,0.5,0.5,0.275,0.05,0.5,0.833333,0.5,1,0,0,0.5,0.5,0.833333,0.0625,1,0,0.27
"noshareq","noshareq;q0.833;c0.063;t0.2700","7.216E-16","1","17","PBias2",0.1,0,0,0,1,0,0,0,0,0,0.75,0.41,0.0646007,0.254167,0,0.069757,0.254167,0.285417,0.222917,0,0,0.03125,0.03125,0.579167,0.5,0.5,0.579167,0.579167,0.547917,0.389583,0.579167,,0.547917,0.389583,0.547917,0.389583,-0.05,-0.05,-0.5,0.833333,0.579167,0.666667,0.833333,0.833333,0.15,0.5,0.5,0.325,0.15,0.5,0.833333,0.5,1,0,0,0.5,0.5,0.833333,0.0625,1,0,0.27
"noshareq","noshareq;q0.833;c0.063;t0.2700","7.216E-16","1","17","PBias3",0.1,0,0,0,1,0,0,0,0,0,0.75,0.41,0.0525174,0.229167,0,0.057674,0.229167,0.260417,0.197917,0,0,0.03125,0.03125,0.604167,0.5,0.5,0.604167,0.604167,0.572917,0.364583,0.604167,,0.572917,0.364583,0.572917,0.364583,-0.05,-0.05,-0.5,0.833333,0.604167,0.666667,0.833333,0.833333,0.25,0.5,0.5,0.375,0.25,0.5,0.833333,0.5,1,0,0,0.5,0.5,0.833333,0.0625,1,0,0.27
"noshareq","noshareq;q0.833;c0.063;t0.2700","7.216E-16","1","17","PBias4",0.1,0,0,0,1,0,0,0,0,0,0.75,0.41,0.041684,0.204167,0,0.04684,0.204167,0.235417,0.172917,0,0,0.03125,0.03125,0.629167,0.5,0.5,0.629167,0.629167,0.597917,0.339583,0.629167,,0.597917,0.339583,0.597917,0.339583,-0.05,-0.05,-0.5,0.833333,0.629167,0.666667,0.833333,0.833333,0.35,0.5,0.5,0.425,0.35,0.5,0.833333,0.5,1,0,0,0.5,0.5,0.833333,0.0625,1,0,0.27
"noshareq","noshareq;q0.833;c0.063;t0.2700","7.216E-16","1","17","PBias5",0.1,0,0,0,1,0,0,0,0,0,0.85,0.41,0.0321007,0.179167,0,0.037257,0.179167,0.210417,0.147917,0,0,0.03125,0.03125,0.654167,0.5,0.5,0.654167,0.654167,0.622917,0.314583,0.654167,,0.622917,0.314583,0.622917,0.314583,-0.05,-0.05,-0.5,0.833333,0.654167,0.666667,0.833333,0.833333,0.45,0.5,0.5,0.475,0.45,0.5,0.833333,0.5,1,0,0,0.5,0.5,0.833333,0.0625,1,0,0.27
"noshareq","noshareq;q0.833;c0.063;t0.2700","7.216E-16","1","17","PBias6",0.1,0,0,0,1,0,0,0,0,0,0.85,0.41,0.0237674,0.154167,0,0.028924,0.154167,0.185417,0.122917,0,0,0.03125,0.03125,0.679167,0.5,0.5,0.679167,0.679167,0.647917,0.289583,0.679167,,0.647917,0.289583,0.647917,0.289583,-0.05,-0.05,-0.5,0.833333,0.679167,0.666667,0.833333,0.833333,0.55,0.5,0.5,0.525,0.55,0.5,0.833333,0.5,1,0,0,0.5,0.5,0.833333,0.0625,1,0,0.27
"noshareq","noshareq;q0.833;c0.063;t0.2700","7.216E-16","1","17","PBias7",0.1,0,0,0,1,0,0,0,0,0,0.85,0.41,0.016684,0.129167,0,0.02184,0.129167,0.160417,0.100833,0,0,0.03125,0.03125,0.704167,0.5,0.5,0.704167,0.704167,0.672917,0.264583,0.704167,,0.672917,0.264583,0.672917,0.264583,-0.05,-0.05,-0.5,0.833333,0.704167,0.666667,0.833333,0.833333,0.65,0.5,0.5,0.575,0.65,0.5,0.833333,0.5,1,0,0,0.5,0.5,0.833333,0.0625,1,0,0.27
"noshareq","noshareq;q0.833;c0.063;t0.2700","7.216E-16","1","17","PBias8",0.1,0,0,0,1,0,0,0,0,0,0.85,0.41,0.0108507,0.104167,0,0.016007,0.105833,0.135417,0.08375,0,0,0.03125,0.03125,0.729167,0.5,0.5,0.729167,0.729167,0.697917,0.239583,0.729167,,0.697917,0.239583,0.697917,0.239583,-0.05,-0.05,-0.5,0.833333,0.729167,0.666667,0.833333,0.833333,0.75,0.5,0.5,0.625,0.75,0.5,0.833333,0.5,1,0,0,0.5,0.5,0.833333,0.0625,1,0,0.27
"noshareq","noshareq;q0.833;c0.063;t0.2700","7.216E-16","1","17","PBias9",0.1,0,0,0,1,0,0,0,0,0,0.85,0.41,0.0062674,0.0791667,0,0.011424,0.0875,0.110833,0.0716667,0,0,0.03125,0.03125,0.754167,0.5,0.5,0.754167,0.754167,0.722917,0.214583,0.754167,,0.722917,0.214583,0.722917,0.214583,-0.05,-0.05,-0.5,0.833333,0.754167,0.666667,0.833333,0.833333,0.85,0.5,0.5,0.675,0.85,0.5,0.833333,0.5,1,0,0,0.5,0.5,0.833333,0.0625,1,0,0.27
"noshareq","noshareq;q0.833;c0.063;t0.2700","7.216E-16","1","17","PBias10",0.1,0,0,0,1,0,0,0,0,0,0.85,0.41,0.002934,0.0541667,0,0.00809,0.0741667,0.09125,0.0645833,0,0,0.03125,0.03125,0.779167,0.5,0.5,0.779167,0.779167,0.747917,0.189583,0.779167,,0.747917,0.189583,0.747917,0.189583,-0.05,-0.05,-0.5,0.833333,0.779167,0.666667,0.833333,0.833333,0.95,0.5,0.5,0.725,0.95,0.5,0.833333,0.5,1,0,0,0.5,0.5,0.833333,0.0625,1,0,0.27
"noshareq","noshareq;q0.833;c0.063;t0.2700","7.216E-16","1","17","DBias1",0.1,0,0,0,1,0,0,0,0,0,0.81,0.35,0.077934,0.279167,0,0.08309,0.279167,0.310417,0.247917,0,0,0.03125,0.03125,0.554167,0.5,0.5,0.554167,0.554167,0.522917,0.414583,0.554167,,0.522917,0.414583,0.522917,0.414583,-0.05,-0.05,-0.5,0.833333,0.666667,0.554167,0.833333,0.833333,0.5,0.05,0.5,0.275,0.5,0.05,0.833333,0.5,1,0,0,0.5,0.5,0.833333,0.0625,1,0,0.27
"noshareq","noshareq;q0.833;c0.063;t0.2700","7.216E-16","1","17","DBias2",0.1,0,0,0,1,0,0,0,0,0,0.81,0.35,0.0646007,0.254167,0,0.069757,0.254167,0.285417,0.222917,0,0,0.03125,0.03125,0.579167,0.5,0.5,0.579167,0.579167,0.547917,0.389583,0.579167,,0.547917,0.389583,0.547917,0.389583,-0.05,-0.05,-0.5,0.833333,0.666667,0.579167,0.833333,0.833333,0.5,0.15,0.5,0.325,0.5,0.15,0.833333,0.5,1,0,0,0.5,0.5,0.833333,0.0625,1,0,0.27
"noshareq","noshareq;q0.833;c0.063;t0.2700","7.216E-16","1","17","DBias3",0.1,0,0,0,1,0,0,0,0,0,0.81,0.35,0.0525174,0.229167,0,0.057674,0.229167,0.260417,0.197917,0,0,0.03125,0.03125,0.604167,0.5,0.5,0.604167,0.604167,0.572917,0.364583,0.604167,,0.572917,0.364583,0.572917,0.364583,-0.05,-0.05,-0.5,0.833333,0.666667,0.604167,0.833333,0.833333,0.5,0.25,0.5,0.375,0.5,0.25,0.833333,0.5,1,0,0,0.5,0.5,0.833333,0.0625,1,0,0.27
"noshareq","noshareq;q0.833;c0.063;t0.2700","7.216E-16","1","17","DBias4",0.1,0,0,0,1,0,0,0,0,0,0.81,0.35,0.041684,0.204167,0,0.04684,0.204167,0.235417,0.172917,0,0,0.03125,0.03125,0.629167,0.5,0.5,0.629167,0.629167,0.597917,0.339583,0.629167,,0.597917,0.339583,0.597917,0.339583,-0.05,-0.05,-0.5,0.833333,0.666667,0.629167,0.833333,0.833333,0.5,0.35,0.5,0.425,0.5,0.35,0.833333,0.5,1,0,0,0.5,0.5,0.833333,0.0625,1,0,0.27
"noshareq","noshareq;q0.833;c0.063;t0.2700","7.216E-16","1","17","DBias5",0.1,0,0,0,1,0,0,0,0,0,0.81,0.45,0.0321007,0.179167,0,0.037257,0.179167,0.210417,0.147917,0,0,0.03125,0.03125,0.654167,0.5,0.5,0.654167,0.654167,0.622917,0.314583,0.654167,,0.622917,0.314583,0.622917,0.314583,-0.05,-0.05,-0.5,0.833333,0.666667,0.654167,0.833333,0.833333,0.5,0.45,0.5,0.475,0.5,0.45,0.833333,0.5,1,0,0,0.5,0.5,0.833333,0.0625,1,0,0.27
"noshareq","noshareq;q0.833;c0.063;t0.2700","7.216E-16","1","17","DBias6",0.1,0,0,0,1,0,0,0,0,0,0.81,0.45,0.0237674,0.154167,0,0.028924,0.154167,0.185417,0.122917,0,0,0.03125,0.03125,0.679167,0.5,0.5,0.679167,0.679167,0.647917,0.289583,0.679167,,0.647917,0.289583,0.647917,0.289583,-0.05,-0.05,-0.5,0.833333,0.666667,0.679167,0.833333,0.833333,0.5,0.55,0.5,0.525,0.5,0.55,0.833333,0.5,1,0,0,0.5,0.5,0.833333,0.0625,1,0,0.27
"noshareq","noshareq;q0.833;c0.063;t0.2700","7.216E-16","1","17","DBias7",0.1,0,0,0,1,0,0,0,0,0,0.81,0.45,0.016684,0.129167,0,0.02184,0.129167,0.160417,0.100833,0,0,0.03125,0.03125,0.704167,0.5,0.5,0.704167,0.704167,0.672917,0.264583,0.704167,,0.672917,0.264583,0.672917,0.264583,-0.05,-0.05,-0.5,0.833333,0.666667,0.704167,0.833333,0.833333,0.5,0.65,0.5,0.575,0.5,0.65,0.833333,0.5,1,0,0,0.5,0.5,0.833333,0.0625,1,0,0.27
"noshareq","noshareq;q0.833;c0.063;t0.2700","7.216E-16","1","17","DBias8",0.1,0,0,0,1,0,0,0,0,0,0.81,0.45,0.0108507,0.104167,0,0.016007,0.105833,0.135417,0.08375,0,0,0.03125,0.03125,0.729167,0.5,0.5,0.729167,0.729167,0.697917,0.239583,0.729167,,0.697917,0.239583,0.697917,0.239583,-0.05,-0.05,-0.5,0.833333,0.666667,0.729167,0.833333,0.833333,0.5,0.75,0.5,0.625,0.5,0.75,0.833333,0.5,1,0,0,0.5,0.5,0.833333,0.0625,1,0,0.27
"noshareq","noshareq;q0.833;c0.063;t0.2700","7.216E-16","1","17","DBias9",0.1,0,0,0,1,0,0,0,0,0,0.81,0.45,0.0062674,0.0791667,0,0.011424,0.0875,0.110833,0.0716667,0,0,0.03125,0.03125,0.754167,0.5,0.5,0.754167,0.754167,0.722917,0.214583,0.754167,,0.722917,0.214583,0.722917,0.214583,-0.05,-0.05,-0.5,0.833333,0.666667,0.754167,0.833333,0.833333,0.5,0.85,0.5,0.675,0.5,0.85,0.833333,0.5,1,0,0,0.5,0.5,0.833333,0.0625,1,0,0.27
"noshareq","noshareq;q0.833;c0.063;t0.2700","7.216E-16","1","17","DBias10",0.1,0,0,0,1,0,0,0,0,0,0.81,0.45,0.002934,0.0541667,0,0.00809,0.0741667,0.09125,0.0645833,0,0,0.03125,0.03125,0.779167,0.5,0.5,0.779167,0.779167,0.747917,0.189583,0.779167,,0.747917,0.189583,0.747917,0.189583,-0.05,-0.05,-0.5,0.833333,0.666667,0.779167,0.833333,0.833333,0.5,0.95,0.5,0.725,0.5,0.95,0.833333,0.5,1,0,0,0.5,0.5,0.833333,0.0625,1,0,0.27
"noshareq","noshareq;q0.833;c0.063;t0.2700","7.216E-16","1","17","POffer1",0,,,,,,,,,,,,,,,,,,,,,,,,,,,,,,,,,,,,,,,,,,,,,,,,,,,,,,,,,,,,,
"noshareq","noshareq;q0.833;c0.063;t0.2700","7.216E-16","1","17","POffer2",0,,,,,,,,,,,,,,,,,,,,,,,,,,,,,,,,,,,,,,,,,,,,,,,,,,,,,,,,,,,,,
"noshareq","noshareq;q0.833;c0.063;t0.2700","7.216E-16","1","17","POffer3",0,,,,,,,,,,,,,,,,,,,,,,,,,,,,,,,,,,,,,,,,,,,,,,,,,,,,,,,,,,,,,
"noshareq","noshareq;q0.833;c0.063;t0.2700","7.216E-16","1","17","POffer4",0,,,,,,,,,,,,,,,,,,,,,,,,,,,,,,,,,,,,,,,,,,,,,,,,,,,,,,,,,,,,,
"noshareq","noshareq;q0.833;c0.063;t0.2700","7.216E-16","1","17","POffer5",0,,,,,,,,,,,,,,,,,,,,,,,,,,,,,,,,,,,,,,,,,,,,,,,,,,,,,,,,,,,,,
"noshareq","noshareq;q0.833;c0.063;t0.2700","7.216E-16","1","17","POffer6",0,,,,,,,,,,,,,,,,,,,,,,,,,,,,,,,,,,,,,,,,,,,,,,,,,,,,,,,,,,,,,
"noshareq","noshareq;q0.833;c0.063;t0.2700","7.216E-16","1","17","POffer7",0,,,,,,,,,,,,,,,,,,,,,,,,,,,,,,,,,,,,,,,,,,,,,,,,,,,,,,,,,,,,,
"noshareq","noshareq;q0.833;c0.063;t0.2700","7.216E-16","1","17","POffer8",0,,,,,,,,,,,,,,,,,,,,,,,,,,,,,,,,,,,,,,,,,,,,,,,,,,,,,,,,,,,,,
"noshareq","noshareq;q0.833;c0.063;t0.2700","7.216E-16","1","17","POffer9",0.4,0,0,0,1,0,0,0,0,0,0.75,0.41,0.0584028,0.241667,0,0.06434,0.241667,0.272917,0.210417,0,0,0.03125,0.03125,0.591667,0.5,0.5,0.591667,0.591667,0.560417,0.377083,0.591667,,0.560417,0.377083,0.560417,0.377083,-0.05,-0.05,-0.5,0.833333,0.591667,0.666667,0.833333,0.833333,0.2,0.5,0.5,0.35,0.2,0.5,0.833333,0.5,1,0,0,0.5,0.5,0.833333,0.0625,1,0,0.27
"noshareq","noshareq;q0.833;c0.063;t0.2700","7.216E-16","1","17","POffer10",0.6,0,0,0,1,0,0,0,0,0,0.85,0.41,0.0136111,0.116667,0,0.02059,0.121667,0.148958,0.0986111,0,0,0.03125,0.03125,0.716667,0.5,0.5,0.716667,0.716667,0.685417,0.252083,0.716667,,0.685417,0.252083,0.685417,0.252083,-0.05,-0.05,-0.5,0.833333,0.716667,0.666667,0.833333,0.833333,0.7,0.5,0.5,0.6,0.7,0.5,0.833333,0.5,1,0,0,0.5,0.5,0.833333,0.0625,1,0,0.27
"noshareq","noshareq;q0.833;c0.063;t0.2700","7.216E-16","1","17","POffer11",0,,,,,,,,,,,,,,,,,,,,,,,,,,,,,,,,,,,,,,,,,,,,,,,,,,,,,,,,,,,,,
"noshareq","noshareq;q0.833;c0.063;t0.2700","7.216E-16","1","17","POffer12",0,,,,,,,,,,,,,,,,,,,,,,,,,,,,,,,,,,,,,,,,,,,,,,,,,,,,,,,,,,,,,
"noshareq","noshareq;q0.833;c0.063;t0.2700","7.216E-16","1","17","DOffer1",0,,,,,,,,,,,,,,,,,,,,,,,,,,,,,,,,,,,,,,,,,,,,,,,,,,,,,,,,,,,,,
"noshareq","noshareq;q0.833;c0.063;t0.2700","7.216E-16","1","17","DOffer2",0,,,,,,,,,,,,,,,,,,,,,,,,,,,,,,,,,,,,,,,,,,,,,,,,,,,,,,,,,,,,,
"noshareq","noshareq;q0.833;c0.063;t0.2700","7.216E-16","1","17","DOffer3",0,,,,,,,,,,,,,,,,,,,,,,,,,,,,,,,,,,,,,,,,,,,,,,,,,,,,,,,,,,,,,
"noshareq","noshareq;q0.833;c0.063;t0.2700","7.216E-16","1","17","DOffer4",0,,,,,,,,,,,,,,,,,,,,,,,,,,,,,,,,,,,,,,,,,,,,,,,,,,,,,,,,,,,,,
"noshareq","noshareq;q0.833;c0.063;t0.2700","7.216E-16","1","17","DOffer5",0.4,0,0,0,1,0,0,0,0,0,0.81,0.35,0.0584028,0.241667,0,0.06434,0.241667,0.272917,0.210417,0,0,0.03125,0.03125,0.591667,0.5,0.5,0.591667,0.591667,0.560417,0.377083,0.591667,,0.560417,0.377083,0.560417,0.377083,-0.05,-0.05,-0.5,0.833333,0.666667,0.591667,0.833333,0.833333,0.5,0.2,0.5,0.35,0.5,0.2,0.833333,0.5,1,0,0,0.5,0.5,0.833333,0.0625,1,0,0.27
"noshareq","noshareq;q0.833;c0.063;t0.2700","7.216E-16","1","17","DOffer6",0.6,0,0,0,1,0,0,0,0,0,0.81,0.45,0.0136111,0.116667,0,0.02059,0.121667,0.148958,0.0986111,0,0,0.03125,0.03125,0.716667,0.5,0.5,0.716667,0.716667,0.685417,0.252083,0.716667,,0.685417,0.252083,0.685417,0.252083,-0.05,-0.05,-0.5,0.833333,0.666667,0.716667,0.833333,0.833333,0.5,0.7,0.5,0.6,0.5,0.7,0.833333,0.5,1,0,0,0.5,0.5,0.833333,0.0625,1,0,0.27
"noshareq","noshareq;q0.833;c0.063;t0.2700","7.216E-16","1","17","DOffer7",0,,,,,,,,,,,,,,,,,,,,,,,,,,,,,,,,,,,,,,,,,,,,,,,,,,,,,,,,,,,,,
"noshareq","noshareq;q0.833;c0.063;t0.2700","7.216E-16","1","17","DOffer8",0,,,,,,,,,,,,,,,,,,,,,,,,,,,,,,,,,,,,,,,,,,,,,,,,,,,,,,,,,,,,,
"noshareq","noshareq;q0.833;c0.063;t0.2700","7.216E-16","1","17","DOffer9",0,,,,,,,,,,,,,,,,,,,,,,,,,,,,,,,,,,,,,,,,,,,,,,,,,,,,,,,,,,,,,
"noshareq","noshareq;q0.833;c0.063;t0.2700","7.216E-16","1","17","DOffer10",0,,,,,,,,,,,,,,,,,,,,,,,,,,,,,,,,,,,,,,,,,,,,,,,,,,,,,,,,,,,,,
"noshareq","noshareq;q0.833;c0.063;t0.2700","7.216E-16","1","17","DOffer11",0,,,,,,,,,,,,,,,,,,,,,,,,,,,,,,,,,,,,,,,,,,,,,,,,,,,,,,,,,,,,,
"noshareq","noshareq;q0.833;c0.063;t0.2700","7.216E-16","1","17","DOffer12",0,,,,,,,,,,,,,,,,,,,,,,,,,,,,,,,,,,,,,,,,,,,,,,,,,,,,,,,,,,,,,
"noshareq","noshareq;q0.833;c0.063;t0.2700","7.216E-16","1","17","QualitySum1",0,,,,,,,,,,,,,,,,,,,,,,,,,,,,,,,,,,,,,,,,,,,,,,,,,,,,,,,,,,,,,
"noshareq","noshareq;q0.833;c0.063;t0.2700","7.216E-16","1","17","QualitySum2",0,,,,,,,,,,,,,,,,,,,,,,,,,,,,,,,,,,,,,,,,,,,,,,,,,,,,,,,,,,,,,
"noshareq","noshareq;q0.833;c0.063;t0.2700","7.216E-16","1","17","QualitySum3",0,,,,,,,,,,,,,,,,,,,,,,,,,,,,,,,,,,,,,,,,,,,,,,,,,,,,,,,,,,,,,
"noshareq","noshareq;q0.833;c0.063;t0.2700","7.216E-16","1","17","QualitySum4",0,,,,,,,,,,,,,,,,,,,,,,,,,,,,,,,,,,,,,,,,,,,,,,,,,,,,,,,,,,,,,
"noshareq","noshareq;q0.833;c0.063;t0.2700","7.216E-16","1","17","QualitySum5",0,,,,,,,,,,,,,,,,,,,,,,,,,,,,,,,,,,,,,,,,,,,,,,,,,,,,,,,,,,,,,
"noshareq","noshareq;q0.833;c0.063;t0.2700","7.216E-16","1","17","QualitySum6",0,,,,,,,,,,,,,,,,,,,,,,,,,,,,,,,,,,,,,,,,,,,,,,,,,,,,,,,,,,,,,
"noshareq","noshareq;q0.833;c0.063;t0.2700","7.216E-16","1","17","QualitySum7",0,,,,,,,,,,,,,,,,,,,,,,,,,,,,,,,,,,,,,,,,,,,,,,,,,,,,,,,,,,,,,
"noshareq","noshareq;q0.833;c0.063;t0.2700","7.216E-16","1","17","QualitySum8",0,,,,,,,,,,,,,,,,,,,,,,,,,,,,,,,,,,,,,,,,,,,,,,,,,,,,,,,,,,,,,
"noshareq","noshareq;q0.833;c0.063;t0.2700","7.216E-16","1","17","QualitySum9",0,,,,,,,,,,,,,,,,,,,,,,,,,,,,,,,,,,,,,,,,,,,,,,,,,,,,,,,,,,,,,
"noshareq","noshareq;q0.833;c0.063;t0.2700","7.216E-16","1","17","QualitySum10",0,,,,,,,,,,,,,,,,,,,,,,,,,,,,,,,,,,,,,,,,,,,,,,,,,,,,,,,,,,,,,
"noshareq","noshareq;q0.833;c0.063;t0.2700","7.216E-16","1","17","QualitySum11",0,,,,,,,,,,,,,,,,,,,,,,,,,,,,,,,,,,,,,,,,,,,,,,,,,,,,,,,,,,,,,
"noshareq","noshareq;q0.833;c0.063;t0.2700","7.216E-16","1","17","QualitySum12",0,,,,,,,,,,,,,,,,,,,,,,,,,,,,,,,,,,,,,,,,,,,,,,,,,,,,,,,,,,,,,
"noshareq","noshareq;q0.833;c0.063;t0.2700","7.216E-16","1","17","QualitySum13",0,,,,,,,,,,,,,,,,,,,,,,,,,,,,,,,,,,,,,,,,,,,,,,,,,,,,,,,,,,,,,
"noshareq","noshareq;q0.833;c0.063;t0.2700","7.216E-16","1","17","QualitySum14",0,,,,,,,,,,,,,,,,,,,,,,,,,,,,,,,,,,,,,,,,,,,,,,,,,,,,,,,,,,,,,
"noshareq","noshareq;q0.833;c0.063;t0.2700","7.216E-16","1","17","QualitySum15",0,,,,,,,,,,,,,,,,,,,,,,,,,,,,,,,,,,,,,,,,,,,,,,,,,,,,,,,,,,,,,
"noshareq","noshareq;q0.833;c0.063;t0.2700","7.216E-16","1","17","QualitySum16",0,,,,,,,,,,,,,,,,,,,,,,,,,,,,,,,,,,,,,,,,,,,,,,,,,,,,,,,,,,,,,
"noshareq","noshareq;q0.833;c0.063;t0.2700","7.216E-16","1","17","QualitySum17",1,0,0,0,1,0,0,0,0,0,0.81,0.41,0.0277778,0.166667,0,0.03809,0.169667,0.198542,0.143333,0,0,0.03125,0.03125,0.666667,0.5,0.5,0.666667,0.666667,0.635417,0.302083,0.666667,,0.635417,0.302083,0.635417,0.302083,-0.05,-0.05,-0.5,0.833333,0.666667,0.666667,0.833333,0.833333,0.5,0.5,0.5,0.5,0.5,0.5,0.833333,0.5,1,0,0,0.5,0.5,0.833333,0.0625,1,0,0.27
"noshareq","noshareq;q0.833;c0.063;t0.2700","7.216E-16","1","17","QualitySum18",0,,,,,,,,,,,,,,,,,,,,,,,,,,,,,,,,,,,,,,,,,,,,,,,,,,,,,,,,,,,,,
"noshareq","noshareq;q0.833;c0.063;t0.2700","7.216E-16","1","17","QualitySum19",0,,,,,,,,,,,,,,,,,,,,,,,,,,,,,,,,,,,,,,,,,,,,,,,,,,,,,,,,,,,,,
"noshareq","noshareq;q0.833;c0.063;t0.2700","7.216E-16","1","17","QualitySum20",0,,,,,,,,,,,,,,,,,,,,,,,,,,,,,,,,,,,,,,,,,,,,,,,,,,,,,,,,,,,,,
"noshareq","noshareq;q0.833;c0.063;t0.2700","7.216E-16","1","17","PBestGuess1",0,,,,,,,,,,,,,,,,,,,,,,,,,,,,,,,,,,,,,,,,,,,,,,,,,,,,,,,,,,,,,
"noshareq","noshareq;q0.833;c0.063;t0.2700","7.216E-16","1","17","PBestGuess2",0,,,,,,,,,,,,,,,,,,,,,,,,,,,,,,,,,,,,,,,,,,,,,,,,,,,,,,,,,,,,,
"noshareq","noshareq;q0.833;c0.063;t0.2700","7.216E-16","1","17","PBestGuess3",0,,,,,,,,,,,,,,,,,,,,,,,,,,,,,,,,,,,,,,,,,,,,,,,,,,,,,,,,,,,,,
"noshareq","noshareq;q0.833;c0.063;t0.2700","7.216E-16","1","17","PBestGuess4",0,,,,,,,,,,,,,,,,,,,,,,,,,,,,,,,,,,,,,,,,,,,,,,,,,,,,,,,,,,,,,
"noshareq","noshareq;q0.833;c0.063;t0.2700","7.216E-16","1","17","PBestGuess5",0,,,,,,,,,,,,,,,,,,,,,,,,,,,,,,,,,,,,,,,,,,,,,,,,,,,,,,,,,,,,,
"noshareq","noshareq;q0.833;c0.063;t0.2700","7.216E-16","1","17","PBestGuess6",0,,,,,,,,,,,,,,,,,,,,,,,,,,,,,,,,,,,,,,,,,,,,,,,,,,,,,,,,,,,,,
"noshareq","noshareq;q0.833;c0.063;t0.2700","7.216E-16","1","17","PBestGuess7",0,,,,,,,,,,,,,,,,,,,,,,,,,,,,,,,,,,,,,,,,,,,,,,,,,,,,,,,,,,,,,
"noshareq","noshareq;q0.833;c0.063;t0.2700","7.216E-16","1","17","PBestGuess8",0,,,,,,,,,,,,,,,,,,,,,,,,,,,,,,,,,,,,,,,,,,,,,,,,,,,,,,,,,,,,,
"noshareq","noshareq;q0.833;c0.063;t0.2700","7.216E-16","1","17","PBestGuess9",0,,,,,,,,,,,,,,,,,,,,,,,,,,,,,,,,,,,,,,,,,,,,,,,,,,,,,,,,,,,,,
"noshareq","noshareq;q0.833;c0.063;t0.2700","7.216E-16","1","17","PBestGuess10",0,,,,,,,,,,,,,,,,,,,,,,,,,,,,,,,,,,,,,,,,,,,,,,,,,,,,,,,,,,,,,
"noshareq","noshareq;q0.833;c0.063;t0.2700","7.216E-16","1","17","PBestGuess11",0,,,,,,,,,,,,,,,,,,,,,,,,,,,,,,,,,,,,,,,,,,,,,,,,,,,,,,,,,,,,,
"noshareq","noshareq;q0.833;c0.063;t0.2700","7.216E-16","1","17","PBestGuess12",0.2,0,0,0,1,0,0,0,0,0,0.75,0.41,0.0711111,0.266667,0,0.076424,0.266667,0.297917,0.235417,0,0,0.03125,0.03125,0.566667,0.5,0.5,0.566667,0.566667,0.535417,0.402083,0.566667,,0.535417,0.402083,0.535417,0.402083,-0.05,-0.05,-0.5,0.833333,0.566667,0.666667,0.833333,0.833333,0.1,0.5,0.5,0.3,0.1,0.5,0.833333,0.5,1,0,0,0.5,0.5,0.833333,0.0625,1,0,0.27
"noshareq","noshareq;q0.833;c0.063;t0.2700","7.216E-16","1","17","PBestGuess13",0.2,0,0,0,1,0,0,0,0,0,0.75,0.41,0.0469444,0.216667,0,0.052257,0.216667,0.247917,0.185417,0,0,0.03125,0.03125,0.616667,0.5,0.5,0.616667,0.616667,0.585417,0.352083,0.616667,,0.585417,0.352083,0.585417,0.352083,-0.05,-0.05,-0.5,0.833333,0.616667,0.666667,0.833333,0.833333,0.3,0.5,0.5,0.4,0.3,0.5,0.833333,0.5,1,0,0,0.5,0.5,0.833333,0.0625,1,0,0.27
"noshareq","noshareq;q0.833;c0.063;t0.2700","7.216E-16","1","17","PBestGuess14",0.2,0,0,0,1,0,0,0,0,0,0.85,0.41,0.0277778,0.166667,0,0.03309,0.166667,0.197917,0.135417,0,0,0.03125,0.03125,0.666667,0.5,0.5,0.666667,0.666667,0.635417,0.302083,0.666667,,0.635417,0.302083,0.635417,0.302083,-0.05,-0.05,-0.5,0.833333,0.666667,0.666667,0.833333,0.833333,0.5,0.5,0.5,0.5,0.5,0.5,0.833333,0.5,1,0,0,0.5,0.5,0.833333,0.0625,1,0,0.27
"noshareq","noshareq;q0.833;c0.063;t0.2700","7.216E-16","1","17","PBestGuess15",0.2,0,0,0,1,0,0,0,0,0,0.85,0.41,0.0136111,0.116667,0,0.018924,0.1175,0.147917,0.0922917,0,0,0.03125,0.03125,0.716667,0.5,0.5,0.716667,0.716667,0.685417,0.252083,0.716667,,0.685417,0.252083,0.685417,0.252083,-0.05,-0.05,-0.5,0.833333,0.716667,0.666667,0.833333,0.833333,0.7,0.5,0.5,0.6,0.7,0.5,0.833333,0.5,1,0,0,0.5,0.5,0.833333,0.0625,1,0,0.27
"noshareq","noshareq;q0.833;c0.063;t0.2700","7.216E-16","1","17","PBestGuess16",0.2,0,0,0,1,0,0,0,0,0,0.85,0.41,0.0044444,0.0666667,0,0.009757,0.0808333,0.101042,0.068125,0,0,0.03125,0.03125,0.766667,0.5,0.5,0.766667,0.766667,0.735417,0.202083,0.766667,,0.735417,0.202083,0.735417,0.202083,-0.05,-0.05,-0.5,0.833333,0.766667,0.666667,0.833333,0.833333,0.9,0.5,0.5,0.7,0.9,0.5,0.833333,0.5,1,0,0,0.5,0.5,0.833333,0.0625,1,0,0.27
"noshareq","noshareq;q0.833;c0.063;t0.2700","7.216E-16","1","17","PBestGuess17",0,,,,,,,,,,,,,,,,,,,,,,,,,,,,,,,,,,,,,,,,,,,,,,,,,,,,,,,,,,,,,
"noshareq","noshareq;q0.833;c0.063;t0.2700","7.216E-16","1","17","PBestGuess18",0,,,,,,,,,,,,,,,,,,,,,,,,,,,,,,,,,,,,,,,,,,,,,,,,,,,,,,,,,,,,,
"noshareq","noshareq;q0.833;c0.063;t0.2700","7.216E-16","1","17","PBestGuess19",0,,,,,,,,,,,,,,,,,,,,,,,,,,,,,,,,,,,,,,,,,,,,,,,,,,,,,,,,,,,,,
"noshareq","noshareq;q0.833;c0.063;t0.2700","7.216E-16","1","17","PBestGuess20",0,,,,,,,,,,,,,,,,,,,,,,,,,,,,,,,,,,,,,,,,,,,,,,,,,,,,,,,,,,,,,
"noshareq","noshareq;q0.833;c0.063;t0.2700","7.216E-16","1","17","DBestGuess1",0,,,,,,,,,,,,,,,,,,,,,,,,,,,,,,,,,,,,,,,,,,,,,,,,,,,,,,,,,,,,,
"noshareq","noshareq;q0.833;c0.063;t0.2700","7.216E-16","1","17","DBestGuess2",0,,,,,,,,,,,,,,,,,,,,,,,,,,,,,,,,,,,,,,,,,,,,,,,,,,,,,,,,,,,,,
"noshareq","noshareq;q0.833;c0.063;t0.2700","7.216E-16","1","17","DBestGuess3",0,,,,,,,,,,,,,,,,,,,,,,,,,,,,,,,,,,,,,,,,,,,,,,,,,,,,,,,,,,,,,
"noshareq","noshareq;q0.833;c0.063;t0.2700","7.216E-16","1","17","DBestGuess4",0,,,,,,,,,,,,,,,,,,,,,,,,,,,,,,,,,,,,,,,,,,,,,,,,,,,,,,,,,,,,,
"noshareq","noshareq;q0.833;c0.063;t0.2700","7.216E-16","1","17","DBestGuess5",0,,,,,,,,,,,,,,,,,,,,,,,,,,,,,,,,,,,,,,,,,,,,,,,,,,,,,,,,,,,,,
"noshareq","noshareq;q0.833;c0.063;t0.2700","7.216E-16","1","17","DBestGuess6",0,,,,,,,,,,,,,,,,,,,,,,,,,,,,,,,,,,,,,,,,,,,,,,,,,,,,,,,,,,,,,
"noshareq","noshareq;q0.833;c0.063;t0.2700","7.216E-16","1","17","DBestGuess7",0,,,,,,,,,,,,,,,,,,,,,,,,,,,,,,,,,,,,,,,,,,,,,,,,,,,,,,,,,,,,,
"noshareq","noshareq;q0.833;c0.063;t0.2700","7.216E-16","1","17","DBestGuess8",0,,,,,,,,,,,,,,,,,,,,,,,,,,,,,,,,,,,,,,,,,,,,,,,,,,,,,,,,,,,,,
"noshareq","noshareq;q0.833;c0.063;t0.2700","7.216E-16","1","17","DBestGuess9",0,,,,,,,,,,,,,,,,,,,,,,,,,,,,,,,,,,,,,,,,,,,,,,,,,,,,,,,,,,,,,
"noshareq","noshareq;q0.833;c0.063;t0.2700","7.216E-16","1","17","DBestGuess10",0,,,,,,,,,,,,,,,,,,,,,,,,,,,,,,,,,,,,,,,,,,,,,,,,,,,,,,,,,,,,,
"noshareq","noshareq;q0.833;c0.063;t0.2700","7.216E-16","1","17","DBestGuess11",0,,,,,,,,,,,,,,,,,,,,,,,,,,,,,,,,,,,,,,,,,,,,,,,,,,,,,,,,,,,,,
"noshareq","noshareq;q0.833;c0.063;t0.2700","7.216E-16","1","17","DBestGuess12",0.2,0,0,0,1,0,0,0,0,0,0.81,0.35,0.0711111,0.266667,0,0.076424,0.266667,0.297917,0.235417,0,0,0.03125,0.03125,0.566667,0.5,0.5,0.566667,0.566667,0.535417,0.402083,0.566667,,0.535417,0.402083,0.535417,0.402083,-0.05,-0.05,-0.5,0.833333,0.666667,0.566667,0.833333,0.833333,0.5,0.1,0.5,0.3,0.5,0.1,0.833333,0.5,1,0,0,0.5,0.5,0.833333,0.0625,1,0,0.27
"noshareq","noshareq;q0.833;c0.063;t0.2700","7.216E-16","1","17","DBestGuess13",0.2,0,0,0,1,0,0,0,0,0,0.81,0.35,0.0469444,0.216667,0,0.052257,0.216667,0.247917,0.185417,0,0,0.03125,0.03125,0.616667,0.5,0.5,0.616667,0.616667,0.585417,0.352083,0.616667,,0.585417,0.352083,0.585417,0.352083,-0.05,-0.05,-0.5,0.833333,0.666667,0.616667,0.833333,0.833333,0.5,0.3,0.5,0.4,0.5,0.3,0.833333,0.5,1,0,0,0.5,0.5,0.833333,0.0625,1,0,0.27
"noshareq","noshareq;q0.833;c0.063;t0.2700","7.216E-16","1","17","DBestGuess14",0.2,0,0,0,1,0,0,0,0,0,0.81,0.45,0.0277778,0.166667,0,0.03309,0.166667,0.197917,0.135417,0,0,0.03125,0.03125,0.666667,0.5,0.5,0.666667,0.666667,0.635417,0.302083,0.666667,,0.635417,0.302083,0.635417,0.302083,-0.05,-0.05,-0.5,0.833333,0.666667,0.666667,0.833333,0.833333,0.5,0.5,0.5,0.5,0.5,0.5,0.833333,0.5,1,0,0,0.5,0.5,0.833333,0.0625,1,0,0.27
"noshareq","noshareq;q0.833;c0.063;t0.2700","7.216E-16","1","17","DBestGuess15",0.2,0,0,0,1,0,0,0,0,0,0.81,0.45,0.0136111,0.116667,0,0.018924,0.1175,0.147917,0.0922917,0,0,0.03125,0.03125,0.716667,0.5,0.5,0.716667,0.716667,0.685417,0.252083,0.716667,,0.685417,0.252083,0.685417,0.252083,-0.05,-0.05,-0.5,0.833333,0.666667,0.716667,0.833333,0.833333,0.5,0.7,0.5,0.6,0.5,0.7,0.833333,0.5,1,0,0,0.5,0.5,0.833333,0.0625,1,0,0.27
"noshareq","noshareq;q0.833;c0.063;t0.2700","7.216E-16","1","17","DBestGuess16",0.2,0,0,0,1,0,0,0,0,0,0.81,0.45,0.0044444,0.0666667,0,0.009757,0.0808333,0.101042,0.068125,0,0,0.03125,0.03125,0.766667,0.5,0.5,0.766667,0.766667,0.735417,0.202083,0.766667,,0.735417,0.202083,0.735417,0.202083,-0.05,-0.05,-0.5,0.833333,0.666667,0.766667,0.833333,0.833333,0.5,0.9,0.5,0.7,0.5,0.9,0.833333,0.5,1,0,0,0.5,0.5,0.833333,0.0625,1,0,0.27
"noshareq","noshareq;q0.833;c0.063;t0.2700","7.216E-16","1","17","DBestGuess17",0,,,,,,,,,,,,,,,,,,,,,,,,,,,,,,,,,,,,,,,,,,,,,,,,,,,,,,,,,,,,,
"noshareq","noshareq;q0.833;c0.063;t0.2700","7.216E-16","1","17","DBestGuess18",0,,,,,,,,,,,,,,,,,,,,,,,,,,,,,,,,,,,,,,,,,,,,,,,,,,,,,,,,,,,,,
"noshareq","noshareq;q0.833;c0.063;t0.2700","7.216E-16","1","17","DBestGuess19",0,,,,,,,,,,,,,,,,,,,,,,,,,,,,,,,,,,,,,,,,,,,,,,,,,,,,,,,,,,,,,
"noshareq","noshareq;q0.833;c0.063;t0.2700","7.216E-16","1","17","DBestGuess20",0,,,,,,,,,,,,,,,,,,,,,,,,,,,,,,,,,,,,,,,,,,,,,,,,,,,,,,,,,,,,,
