"GroupName","OptionSet","Exploit","Refine","Seconds","Filter","All","PQuits","DQuits","Settles","Trial","Shifting","ShiftingOccursIfTrial","ShiftingValueIfTrial","PQuits","DQuits","POffer","DOffer","DMSAcc","DMSAccL1","DMSTrialRelAccL1","AccSq","Accuracy","Accuracy_ForPlaintiff","Accuracy_ForDefendant","TrialRelativeAccSq","TrialRelativeAccuracy","TrialRelativeAccuracy_ForPlaintiff","TrialRelativeAccuracy_ForDefendant","SettlementOrJudgment","DsProportionOfCost","DsProportionOfCostIfTrial","TrialValuePreShiftingIfOccurs","TrialValueWithShiftingIfOccurs","PTrialEffect_IfOccurs","DTrialEffect_IfOccurs","ResolutionValueIncludingShiftedAmount","SettlementValue","PWealth","DWealth","PWelfare","DWelfare","PQuality","DQuality","NQuality","QualitySum","PBestGuess","DBestGuess","QualitySum_PInfo","QualitySum_DInfo","PBias","DBias","NBias","BiasSum","BiasSum_PInfo","BiasSum_DInfo","Quality","Alpha_Quality","Alpha_Both_Quality","Alpha_Plaintiff_Quality","Alpha_Defendant_Quality","Alpha_Plaintiff_Bias","Alpha_Defendant_Bias","Evidence_Both_Quality","TrialCost","FeeShifting","FSMargin","FeeShiftingThreshold"
"es","es;q0.667;c0.000;t0.1700","-5.551E-17","1","3","All",1,0,0,0,1,0,0,0,0,0,0.76,0.38,0.0069444,0.0833333,0,0.017257,0.107833,0.107833,0.107833,0,0,0,0,0.583333,0.5,0.5,0.583333,0.583333,0.583333,0.416667,0.583333,,0.583333,0.416667,0.583333,0.416667,-0.05,-0.05,-0.5,0.666667,0.583333,0.583333,0.666667,0.666667,0.5,0.5,0.5,0.5,0.5,0.5,0.666667,0.5,1,0,0,0.5,0.5,0.666667,0,1,0,0.17
"es","es;q0.667;c0.000;t0.1700","-5.551E-17","1","3","PBias1",0.1,0,0,0,1,0,0,0,0,0,0.65,0.38,0.0383507,0.195833,0,0.043507,0.195833,0.195833,0.195833,0,0,0,0,0.470833,0.5,0.5,0.470833,0.470833,0.470833,0.529167,0.470833,,0.470833,0.529167,0.470833,0.529167,-0.05,-0.05,-0.5,0.666667,0.470833,0.583333,0.666667,0.666667,0.05,0.5,0.5,0.275,0.05,0.5,0.666667,0.5,1,0,0,0.5,0.5,0.666667,0,1,0,0.17
"es","es;q0.667;c0.000;t0.1700","-5.551E-17","1","3","PBias2",0.1,0,0,0,1,0,0,0,0,0,0.65,0.38,0.029184,0.170833,0,0.03434,0.170833,0.170833,0.170833,0,0,0,0,0.495833,0.5,0.5,0.495833,0.495833,0.495833,0.504167,0.495833,,0.495833,0.504167,0.495833,0.504167,-0.05,-0.05,-0.5,0.666667,0.495833,0.583333,0.666667,0.666667,0.15,0.5,0.5,0.325,0.15,0.5,0.666667,0.5,1,0,0,0.5,0.5,0.666667,0,1,0,0.17
"es","es;q0.667;c0.000;t0.1700","-5.551E-17","1","3","PBias3",0.1,0,0,0,1,0,0,0,0,0,0.75,0.38,0.0212674,0.145833,0,0.026424,0.145833,0.145833,0.145833,0,0,0,0,0.520833,0.5,0.5,0.520833,0.520833,0.520833,0.479167,0.520833,,0.520833,0.479167,0.520833,0.479167,-0.05,-0.05,-0.5,0.666667,0.520833,0.583333,0.666667,0.666667,0.25,0.5,0.5,0.375,0.25,0.5,0.666667,0.5,1,0,0,0.5,0.5,0.666667,0,1,0,0.17
"es","es;q0.667;c0.000;t0.1700","-5.551E-17","1","3","PBias4",0.1,0,0,0,1,0,0,0,0,0,0.75,0.38,0.0146007,0.120833,0,0.019757,0.120833,0.120833,0.120833,0,0,0,0,0.545833,0.5,0.5,0.545833,0.545833,0.545833,0.454167,0.545833,,0.545833,0.454167,0.545833,0.454167,-0.05,-0.05,-0.5,0.666667,0.545833,0.583333,0.666667,0.666667,0.35,0.5,0.5,0.425,0.35,0.5,0.666667,0.5,1,0,0,0.5,0.5,0.666667,0,1,0,0.17
"es","es;q0.667;c0.000;t0.1700","-5.551E-17","1","3","PBias5",0.1,0,0,0,1,0,0,0,0,0,0.75,0.38,0.009184,0.0958333,0,0.01434,0.0991667,0.0991667,0.0991667,0,0,0,0,0.570833,0.5,0.5,0.570833,0.570833,0.570833,0.429167,0.570833,,0.570833,0.429167,0.570833,0.429167,-0.05,-0.05,-0.5,0.666667,0.570833,0.583333,0.666667,0.666667,0.45,0.5,0.5,0.475,0.45,0.5,0.666667,0.5,1,0,0,0.5,0.5,0.666667,0,1,0,0.17
"es","es;q0.667;c0.000;t0.1700","-5.551E-17","1","3","PBias6",0.1,0,0,0,1,0,0,0,0,0,0.75,0.38,0.0050174,0.0708333,0,0.010174,0.0825,0.0825,0.0825,0,0,0,0,0.595833,0.5,0.5,0.595833,0.595833,0.595833,0.404167,0.595833,,0.595833,0.404167,0.595833,0.404167,-0.05,-0.05,-0.5,0.666667,0.595833,0.583333,0.666667,0.666667,0.55,0.5,0.5,0.525,0.55,0.5,0.666667,0.5,1,0,0,0.5,0.5,0.666667,0,1,0,0.17
"es","es;q0.667;c0.000;t0.1700","-5.551E-17","1","3","PBias7",0.1,0,0,0,1,0,0,0,0,0,0.75,0.38,0.0021007,0.0458333,0,0.007257,0.0708333,0.0708333,0.0708333,0,0,0,0,0.620833,0.5,0.5,0.620833,0.620833,0.620833,0.379167,0.620833,,0.620833,0.379167,0.620833,0.379167,-0.05,-0.05,-0.5,0.666667,0.620833,0.583333,0.666667,0.666667,0.65,0.5,0.5,0.575,0.65,0.5,0.666667,0.5,1,0,0,0.5,0.5,0.666667,0,1,0,0.17
"es","es;q0.667;c0.000;t0.1700","-5.551E-17","1","3","PBias8",0.1,0,0,0,1,0,0,0,0,0,0.85,0.38,0.000434,0.0208333,0,0.00559,0.0641667,0.0641667,0.0641667,0,0,0,0,0.645833,0.5,0.5,0.645833,0.645833,0.645833,0.354167,0.645833,,0.645833,0.354167,0.645833,0.354167,-0.05,-0.05,-0.5,0.666667,0.645833,0.583333,0.666667,0.666667,0.75,0.5,0.5,0.625,0.75,0.5,0.666667,0.5,1,0,0,0.5,0.5,0.666667,0,1,0,0.17
"es","es;q0.667;c0.000;t0.1700","-5.551E-17","1","3","PBias9",0.1,0,0,0,1,0,0,0,0,0,0.85,0.38,1.7361E-5,0.00416667,0,0.005174,0.0625,0.0625,0.0625,0,0,0,0,0.670833,0.5,0.5,0.670833,0.670833,0.670833,0.329167,0.670833,,0.670833,0.329167,0.670833,0.329167,-0.05,-0.05,-0.5,0.666667,0.670833,0.583333,0.666667,0.666667,0.85,0.5,0.5,0.675,0.85,0.5,0.666667,0.5,1,0,0,0.5,0.5,0.666667,0,1,0,0.17
"es","es;q0.667;c0.000;t0.1700","-5.551E-17","1","3","PBias10",0.1,0,0,0,1,0,0,0,0,0,0.85,0.38,0.0008507,0.0291667,0,0.006007,0.0658333,0.0658333,0.0658333,0,0,0,0,0.695833,0.5,0.5,0.695833,0.695833,0.695833,0.304167,0.695833,,0.695833,0.304167,0.695833,0.304167,-0.05,-0.05,-0.5,0.666667,0.695833,0.583333,0.666667,0.666667,0.95,0.5,0.5,0.725,0.95,0.5,0.666667,0.5,1,0,0,0.5,0.5,0.666667,0,1,0,0.17
"es","es;q0.667;c0.000;t0.1700","-5.551E-17","1","3","DBias1",0.1,0,0,0,1,0,0,0,0,0,0.76,0.25,0.0383507,0.195833,0,0.043507,0.195833,0.195833,0.195833,0,0,0,0,0.470833,0.5,0.5,0.470833,0.470833,0.470833,0.529167,0.470833,,0.470833,0.529167,0.470833,0.529167,-0.05,-0.05,-0.5,0.666667,0.583333,0.470833,0.666667,0.666667,0.5,0.05,0.5,0.275,0.5,0.05,0.666667,0.5,1,0,0,0.5,0.5,0.666667,0,1,0,0.17
"es","es;q0.667;c0.000;t0.1700","-5.551E-17","1","3","DBias2",0.1,0,0,0,1,0,0,0,0,0,0.76,0.35,0.029184,0.170833,0,0.03434,0.170833,0.170833,0.170833,0,0,0,0,0.495833,0.5,0.5,0.495833,0.495833,0.495833,0.504167,0.495833,,0.495833,0.504167,0.495833,0.504167,-0.05,-0.05,-0.5,0.666667,0.583333,0.495833,0.666667,0.666667,0.5,0.15,0.5,0.325,0.5,0.15,0.666667,0.5,1,0,0,0.5,0.5,0.666667,0,1,0,0.17
"es","es;q0.667;c0.000;t0.1700","-5.551E-17","1","3","DBias3",0.1,0,0,0,1,0,0,0,0,0,0.76,0.35,0.0212674,0.145833,0,0.026424,0.145833,0.145833,0.145833,0,0,0,0,0.520833,0.5,0.5,0.520833,0.520833,0.520833,0.479167,0.520833,,0.520833,0.479167,0.520833,0.479167,-0.05,-0.05,-0.5,0.666667,0.583333,0.520833,0.666667,0.666667,0.5,0.25,0.5,0.375,0.5,0.25,0.666667,0.5,1,0,0,0.5,0.5,0.666667,0,1,0,0.17
"es","es;q0.667;c0.000;t0.1700","-5.551E-17","1","3","DBias4",0.1,0,0,0,1,0,0,0,0,0,0.76,0.35,0.0146007,0.120833,0,0.019757,0.120833,0.120833,0.120833,0,0,0,0,0.545833,0.5,0.5,0.545833,0.545833,0.545833,0.454167,0.545833,,0.545833,0.454167,0.545833,0.454167,-0.05,-0.05,-0.5,0.666667,0.583333,0.545833,0.666667,0.666667,0.5,0.35,0.5,0.425,0.5,0.35,0.666667,0.5,1,0,0,0.5,0.5,0.666667,0,1,0,0.17
"es","es;q0.667;c0.000;t0.1700","-5.551E-17","1","3","DBias5",0.1,0,0,0,1,0,0,0,0,0,0.76,0.35,0.009184,0.0958333,0,0.01434,0.0991667,0.0991667,0.0991667,0,0,0,0,0.570833,0.5,0.5,0.570833,0.570833,0.570833,0.429167,0.570833,,0.570833,0.429167,0.570833,0.429167,-0.05,-0.05,-0.5,0.666667,0.583333,0.570833,0.666667,0.666667,0.5,0.45,0.5,0.475,0.5,0.45,0.666667,0.5,1,0,0,0.5,0.5,0.666667,0,1,0,0.17
"es","es;q0.667;c0.000;t0.1700","-5.551E-17","1","3","DBias6",0.1,0,0,0,1,0,0,0,0,0,0.76,0.35,0.0050174,0.0708333,0,0.010174,0.0825,0.0825,0.0825,0,0,0,0,0.595833,0.5,0.5,0.595833,0.595833,0.595833,0.404167,0.595833,,0.595833,0.404167,0.595833,0.404167,-0.05,-0.05,-0.5,0.666667,0.583333,0.595833,0.666667,0.666667,0.5,0.55,0.5,0.525,0.5,0.55,0.666667,0.5,1,0,0,0.5,0.5,0.666667,0,1,0,0.17
"es","es;q0.667;c0.000;t0.1700","-5.551E-17","1","3","DBias7",0.1,0,0,0,1,0,0,0,0,0,0.76,0.45,0.0021007,0.0458333,0,0.007257,0.0708333,0.0708333,0.0708333,0,0,0,0,0.620833,0.5,0.5,0.620833,0.620833,0.620833,0.379167,0.620833,,0.620833,0.379167,0.620833,0.379167,-0.05,-0.05,-0.5,0.666667,0.583333,0.620833,0.666667,0.666667,0.5,0.65,0.5,0.575,0.5,0.65,0.666667,0.5,1,0,0,0.5,0.5,0.666667,0,1,0,0.17
"es","es;q0.667;c0.000;t0.1700","-5.551E-17","1","3","DBias8",0.1,0,0,0,1,0,0,0,0,0,0.76,0.45,0.000434,0.0208333,0,0.00559,0.0641667,0.0641667,0.0641667,0,0,0,0,0.645833,0.5,0.5,0.645833,0.645833,0.645833,0.354167,0.645833,,0.645833,0.354167,0.645833,0.354167,-0.05,-0.05,-0.5,0.666667,0.583333,0.645833,0.666667,0.666667,0.5,0.75,0.5,0.625,0.5,0.75,0.666667,0.5,1,0,0,0.5,0.5,0.666667,0,1,0,0.17
"es","es;q0.667;c0.000;t0.1700","-5.551E-17","1","3","DBias9",0.1,0,0,0,1,0,0,0,0,0,0.76,0.45,1.7361E-5,0.00416667,0,0.005174,0.0625,0.0625,0.0625,0,0,0,0,0.670833,0.5,0.5,0.670833,0.670833,0.670833,0.329167,0.670833,,0.670833,0.329167,0.670833,0.329167,-0.05,-0.05,-0.5,0.666667,0.583333,0.670833,0.666667,0.666667,0.5,0.85,0.5,0.675,0.5,0.85,0.666667,0.5,1,0,0,0.5,0.5,0.666667,0,1,0,0.17
"es","es;q0.667;c0.000;t0.1700","-5.551E-17","1","3","DBias10",0.1,0,0,0,1,0,0,0,0,0,0.76,0.45,0.0008507,0.0291667,0,0.006007,0.0658333,0.0658333,0.0658333,0,0,0,0,0.695833,0.5,0.5,0.695833,0.695833,0.695833,0.304167,0.695833,,0.695833,0.304167,0.695833,0.304167,-0.05,-0.05,-0.5,0.666667,0.583333,0.695833,0.666667,0.666667,0.5,0.95,0.5,0.725,0.5,0.95,0.666667,0.5,1,0,0,0.5,0.5,0.666667,0,1,0,0.17
"es","es;q0.667;c0.000;t0.1700","-5.551E-17","1","3","POffer1",0,,,,,,,,,,,,,,,,,,,,,,,,,,,,,,,,,,,,,,,,,,,,,,,,,,,,,,,,,,,,,
"es","es;q0.667;c0.000;t0.1700","-5.551E-17","1","3","POffer2",0,,,,,,,,,,,,,,,,,,,,,,,,,,,,,,,,,,,,,,,,,,,,,,,,,,,,,,,,,,,,,
"es","es;q0.667;c0.000;t0.1700","-5.551E-17","1","3","POffer3",0,,,,,,,,,,,,,,,,,,,,,,,,,,,,,,,,,,,,,,,,,,,,,,,,,,,,,,,,,,,,,
"es","es;q0.667;c0.000;t0.1700","-5.551E-17","1","3","POffer4",0,,,,,,,,,,,,,,,,,,,,,,,,,,,,,,,,,,,,,,,,,,,,,,,,,,,,,,,,,,,,,
"es","es;q0.667;c0.000;t0.1700","-5.551E-17","1","3","POffer5",0,,,,,,,,,,,,,,,,,,,,,,,,,,,,,,,,,,,,,,,,,,,,,,,,,,,,,,,,,,,,,
"es","es;q0.667;c0.000;t0.1700","-5.551E-17","1","3","POffer6",0,,,,,,,,,,,,,,,,,,,,,,,,,,,,,,,,,,,,,,,,,,,,,,,,,,,,,,,,,,,,,
"es","es;q0.667;c0.000;t0.1700","-5.551E-17","1","3","POffer7",0.2,0,0,0,1,0,0,0,0,0,0.65,0.38,0.0336111,0.183333,0,0.038924,0.183333,0.183333,0.183333,0,0,0,0,0.483333,0.5,0.5,0.483333,0.483333,0.483333,0.516667,0.483333,,0.483333,0.516667,0.483333,0.516667,-0.05,-0.05,-0.5,0.666667,0.483333,0.583333,0.666667,0.666667,0.1,0.5,0.5,0.3,0.1,0.5,0.666667,0.5,1,0,0,0.5,0.5,0.666667,0,1,0,0.17
"es","es;q0.667;c0.000;t0.1700","-5.551E-17","1","3","POffer8",0.5,0,0,0,1,0,0,0,0,0,0.75,0.38,0.009184,0.0958333,0,0.01559,0.103833,0.103833,0.103833,0,0,0,0,0.570833,0.5,0.5,0.570833,0.570833,0.570833,0.429167,0.570833,,0.570833,0.429167,0.570833,0.429167,-0.05,-0.05,-0.5,0.666667,0.570833,0.583333,0.666667,0.666667,0.45,0.5,0.5,0.475,0.45,0.5,0.666667,0.5,1,0,0,0.5,0.5,0.666667,0,1,0,0.17
"es","es;q0.667;c0.000;t0.1700","-5.551E-17","1","3","POffer9",0.3,0,0,0,1,0,0,0,0,0,0.85,0.38,1.7361E-5,0.00416667,0,0.00559,0.0641667,0.0641667,0.0641667,0,0,0,0,0.670833,0.5,0.5,0.670833,0.670833,0.670833,0.329167,0.670833,,0.670833,0.329167,0.670833,0.329167,-0.05,-0.05,-0.5,0.666667,0.670833,0.583333,0.666667,0.666667,0.85,0.5,0.5,0.675,0.85,0.5,0.666667,0.5,1,0,0,0.5,0.5,0.666667,0,1,0,0.17
"es","es;q0.667;c0.000;t0.1700","-5.551E-17","1","3","POffer10",0,,,,,,,,,,,,,,,,,,,,,,,,,,,,,,,,,,,,,,,,,,,,,,,,,,,,,,,,,,,,,
"es","es;q0.667;c0.000;t0.1700","-5.551E-17","1","3","DOffer1",0,,,,,,,,,,,,,,,,,,,,,,,,,,,,,,,,,,,,,,,,,,,,,,,,,,,,,,,,,,,,,
"es","es;q0.667;c0.000;t0.1700","-5.551E-17","1","3","DOffer2",0,,,,,,,,,,,,,,,,,,,,,,,,,,,,,,,,,,,,,,,,,,,,,,,,,,,,,,,,,,,,,
"es","es;q0.667;c0.000;t0.1700","-5.551E-17","1","3","DOffer3",0.1,0,0,0,1,0,0,0,0,0,0.76,0.25,0.0383507,0.195833,0,0.043507,0.195833,0.195833,0.195833,0,0,0,0,0.470833,0.5,0.5,0.470833,0.470833,0.470833,0.529167,0.470833,,0.470833,0.529167,0.470833,0.529167,-0.05,-0.05,-0.5,0.666667,0.583333,0.470833,0.666667,0.666667,0.5,0.05,0.5,0.275,0.5,0.05,0.666667,0.5,1,0,0,0.5,0.5,0.666667,0,1,0,0.17
"es","es;q0.667;c0.000;t0.1700","-5.551E-17","1","3","DOffer4",0.5,0,0,0,1,0,0,0,0,0,0.76,0.35,0.0146007,0.120833,0,0.021007,0.123833,0.123833,0.123833,0,0,0,0,0.545833,0.5,0.5,0.545833,0.545833,0.545833,0.454167,0.545833,,0.545833,0.454167,0.545833,0.454167,-0.05,-0.05,-0.5,0.666667,0.583333,0.545833,0.666667,0.666667,0.5,0.35,0.5,0.425,0.5,0.35,0.666667,0.5,1,0,0,0.5,0.5,0.666667,0,1,0,0.17
"es","es;q0.667;c0.000;t0.1700","-5.551E-17","1","3","DOffer5",0.4,0,0,0,1,0,0,0,0,0,0.76,0.45,6.9444E-5,0.00833333,0,0.006007,0.0658333,0.0658333,0.0658333,0,0,0,0,0.658333,0.5,0.5,0.658333,0.658333,0.658333,0.341667,0.658333,,0.658333,0.341667,0.658333,0.341667,-0.05,-0.05,-0.5,0.666667,0.583333,0.658333,0.666667,0.666667,0.5,0.8,0.5,0.65,0.5,0.8,0.666667,0.5,1,0,0,0.5,0.5,0.666667,0,1,0,0.17
"es","es;q0.667;c0.000;t0.1700","-5.551E-17","1","3","DOffer6",0,,,,,,,,,,,,,,,,,,,,,,,,,,,,,,,,,,,,,,,,,,,,,,,,,,,,,,,,,,,,,
"es","es;q0.667;c0.000;t0.1700","-5.551E-17","1","3","DOffer7",0,,,,,,,,,,,,,,,,,,,,,,,,,,,,,,,,,,,,,,,,,,,,,,,,,,,,,,,,,,,,,
"es","es;q0.667;c0.000;t0.1700","-5.551E-17","1","3","DOffer8",0,,,,,,,,,,,,,,,,,,,,,,,,,,,,,,,,,,,,,,,,,,,,,,,,,,,,,,,,,,,,,
"es","es;q0.667;c0.000;t0.1700","-5.551E-17","1","3","DOffer9",0,,,,,,,,,,,,,,,,,,,,,,,,,,,,,,,,,,,,,,,,,,,,,,,,,,,,,,,,,,,,,
"es","es;q0.667;c0.000;t0.1700","-5.551E-17","1","3","DOffer10",0,,,,,,,,,,,,,,,,,,,,,,,,,,,,,,,,,,,,,,,,,,,,,,,,,,,,,,,,,,,,,
"es","es;q0.667;c0.000;t0.1700","-5.551E-17","1","3","QualitySum1",0,,,,,,,,,,,,,,,,,,,,,,,,,,,,,,,,,,,,,,,,,,,,,,,,,,,,,,,,,,,,,
"es","es;q0.667;c0.000;t0.1700","-5.551E-17","1","3","QualitySum2",0,,,,,,,,,,,,,,,,,,,,,,,,,,,,,,,,,,,,,,,,,,,,,,,,,,,,,,,,,,,,,
"es","es;q0.667;c0.000;t0.1700","-5.551E-17","1","3","QualitySum3",0,,,,,,,,,,,,,,,,,,,,,,,,,,,,,,,,,,,,,,,,,,,,,,,,,,,,,,,,,,,,,
"es","es;q0.667;c0.000;t0.1700","-5.551E-17","1","3","QualitySum4",0,,,,,,,,,,,,,,,,,,,,,,,,,,,,,,,,,,,,,,,,,,,,,,,,,,,,,,,,,,,,,
"es","es;q0.667;c0.000;t0.1700","-5.551E-17","1","3","QualitySum5",0,,,,,,,,,,,,,,,,,,,,,,,,,,,,,,,,,,,,,,,,,,,,,,,,,,,,,,,,,,,,,
"es","es;q0.667;c0.000;t0.1700","-5.551E-17","1","3","QualitySum6",0,,,,,,,,,,,,,,,,,,,,,,,,,,,,,,,,,,,,,,,,,,,,,,,,,,,,,,,,,,,,,
"es","es;q0.667;c0.000;t0.1700","-5.551E-17","1","3","QualitySum7",0,,,,,,,,,,,,,,,,,,,,,,,,,,,,,,,,,,,,,,,,,,,,,,,,,,,,,,,,,,,,,
"es","es;q0.667;c0.000;t0.1700","-5.551E-17","1","3","QualitySum8",0,,,,,,,,,,,,,,,,,,,,,,,,,,,,,,,,,,,,,,,,,,,,,,,,,,,,,,,,,,,,,
"es","es;q0.667;c0.000;t0.1700","-5.551E-17","1","3","QualitySum9",0,,,,,,,,,,,,,,,,,,,,,,,,,,,,,,,,,,,,,,,,,,,,,,,,,,,,,,,,,,,,,
"es","es;q0.667;c0.000;t0.1700","-5.551E-17","1","3","QualitySum10",0,,,,,,,,,,,,,,,,,,,,,,,,,,,,,,,,,,,,,,,,,,,,,,,,,,,,,,,,,,,,,
"es","es;q0.667;c0.000;t0.1700","-5.551E-17","1","3","QualitySum11",0,,,,,,,,,,,,,,,,,,,,,,,,,,,,,,,,,,,,,,,,,,,,,,,,,,,,,,,,,,,,,
"es","es;q0.667;c0.000;t0.1700","-5.551E-17","1","3","QualitySum12",0,,,,,,,,,,,,,,,,,,,,,,,,,,,,,,,,,,,,,,,,,,,,,,,,,,,,,,,,,,,,,
"es","es;q0.667;c0.000;t0.1700","-5.551E-17","1","3","QualitySum13",0,,,,,,,,,,,,,,,,,,,,,,,,,,,,,,,,,,,,,,,,,,,,,,,,,,,,,,,,,,,,,
"es","es;q0.667;c0.000;t0.1700","-5.551E-17","1","3","QualitySum14",1,0,0,0,1,0,0,0,0,0,0.76,0.38,0.0069444,0.0833333,0,0.017257,0.107833,0.107833,0.107833,0,0,0,0,0.583333,0.5,0.5,0.583333,0.583333,0.583333,0.416667,0.583333,,0.583333,0.416667,0.583333,0.416667,-0.05,-0.05,-0.5,0.666667,0.583333,0.583333,0.666667,0.666667,0.5,0.5,0.5,0.5,0.5,0.5,0.666667,0.5,1,0,0,0.5,0.5,0.666667,0,1,0,0.17
"es","es;q0.667;c0.000;t0.1700","-5.551E-17","1","3","QualitySum15",0,,,,,,,,,,,,,,,,,,,,,,,,,,,,,,,,,,,,,,,,,,,,,,,,,,,,,,,,,,,,,
"es","es;q0.667;c0.000;t0.1700","-5.551E-17","1","3","QualitySum16",0,,,,,,,,,,,,,,,,,,,,,,,,,,,,,,,,,,,,,,,,,,,,,,,,,,,,,,,,,,,,,
"es","es;q0.667;c0.000;t0.1700","-5.551E-17","1","3","QualitySum17",0,,,,,,,,,,,,,,,,,,,,,,,,,,,,,,,,,,,,,,,,,,,,,,,,,,,,,,,,,,,,,
"es","es;q0.667;c0.000;t0.1700","-5.551E-17","1","3","QualitySum18",0,,,,,,,,,,,,,,,,,,,,,,,,,,,,,,,,,,,,,,,,,,,,,,,,,,,,,,,,,,,,,
"es","es;q0.667;c0.000;t0.1700","-5.551E-17","1","3","QualitySum19",0,,,,,,,,,,,,,,,,,,,,,,,,,,,,,,,,,,,,,,,,,,,,,,,,,,,,,,,,,,,,,
"es","es;q0.667;c0.000;t0.1700","-5.551E-17","1","3","QualitySum20",0,,,,,,,,,,,,,,,,,,,,,,,,,,,,,,,,,,,,,,,,,,,,,,,,,,,,,,,,,,,,,
"es","es;q0.667;c0.000;t0.1700","-5.551E-17","1","3","PBestGuess1",0,,,,,,,,,,,,,,,,,,,,,,,,,,,,,,,,,,,,,,,,,,,,,,,,,,,,,,,,,,,,,
"es","es;q0.667;c0.000;t0.1700","-5.551E-17","1","3","PBestGuess2",0,,,,,,,,,,,,,,,,,,,,,,,,,,,,,,,,,,,,,,,,,,,,,,,,,,,,,,,,,,,,,
"es","es;q0.667;c0.000;t0.1700","-5.551E-17","1","3","PBestGuess3",0,,,,,,,,,,,,,,,,,,,,,,,,,,,,,,,,,,,,,,,,,,,,,,,,,,,,,,,,,,,,,
"es","es;q0.667;c0.000;t0.1700","-5.551E-17","1","3","PBestGuess4",0,,,,,,,,,,,,,,,,,,,,,,,,,,,,,,,,,,,,,,,,,,,,,,,,,,,,,,,,,,,,,
"es","es;q0.667;c0.000;t0.1700","-5.551E-17","1","3","PBestGuess5",0,,,,,,,,,,,,,,,,,,,,,,,,,,,,,,,,,,,,,,,,,,,,,,,,,,,,,,,,,,,,,
"es","es;q0.667;c0.000;t0.1700","-5.551E-17","1","3","PBestGuess6",0,,,,,,,,,,,,,,,,,,,,,,,,,,,,,,,,,,,,,,,,,,,,,,,,,,,,,,,,,,,,,
"es","es;q0.667;c0.000;t0.1700","-5.551E-17","1","3","PBestGuess7",0,,,,,,,,,,,,,,,,,,,,,,,,,,,,,,,,,,,,,,,,,,,,,,,,,,,,,,,,,,,,,
"es","es;q0.667;c0.000;t0.1700","-5.551E-17","1","3","PBestGuess8",0,,,,,,,,,,,,,,,,,,,,,,,,,,,,,,,,,,,,,,,,,,,,,,,,,,,,,,,,,,,,,
"es","es;q0.667;c0.000;t0.1700","-5.551E-17","1","3","PBestGuess9",0,,,,,,,,,,,,,,,,,,,,,,,,,,,,,,,,,,,,,,,,,,,,,,,,,,,,,,,,,,,,,
"es","es;q0.667;c0.000;t0.1700","-5.551E-17","1","3","PBestGuess10",0.2,0,0,0,1,0,0,0,0,0,0.65,0.38,0.0336111,0.183333,0,0.038924,0.183333,0.183333,0.183333,0,0,0,0,0.483333,0.5,0.5,0.483333,0.483333,0.483333,0.516667,0.483333,,0.483333,0.516667,0.483333,0.516667,-0.05,-0.05,-0.5,0.666667,0.483333,0.583333,0.666667,0.666667,0.1,0.5,0.5,0.3,0.1,0.5,0.666667,0.5,1,0,0,0.5,0.5,0.666667,0,1,0,0.17
"es","es;q0.667;c0.000;t0.1700","-5.551E-17","1","3","PBestGuess11",0.2,0,0,0,1,0,0,0,0,0,0.75,0.38,0.0177778,0.133333,0,0.02309,0.133333,0.133333,0.133333,0,0,0,0,0.533333,0.5,0.5,0.533333,0.533333,0.533333,0.466667,0.533333,,0.533333,0.466667,0.533333,0.466667,-0.05,-0.05,-0.5,0.666667,0.533333,0.583333,0.666667,0.666667,0.3,0.5,0.5,0.4,0.3,0.5,0.666667,0.5,1,0,0,0.5,0.5,0.666667,0,1,0,0.17
"es","es;q0.667;c0.000;t0.1700","-5.551E-17","1","3","PBestGuess12",0.2,0,0,0,1,0,0,0,0,0,0.75,0.38,0.0069444,0.0833333,0,0.012257,0.0908333,0.0908333,0.0908333,0,0,0,0,0.583333,0.5,0.5,0.583333,0.583333,0.583333,0.416667,0.583333,,0.583333,0.416667,0.583333,0.416667,-0.05,-0.05,-0.5,0.666667,0.583333,0.583333,0.666667,0.666667,0.5,0.5,0.5,0.5,0.5,0.5,0.666667,0.5,1,0,0,0.5,0.5,0.666667,0,1,0,0.17
"es","es;q0.667;c0.000;t0.1700","-5.551E-17","1","3","PBestGuess13",0.2,0,0,0,1,0,0,0,0,0,0.8,0.38,0.0011111,0.0333333,0,0.006424,0.0675,0.0675,0.0675,0,0,0,0,0.633333,0.5,0.5,0.633333,0.633333,0.633333,0.366667,0.633333,,0.633333,0.366667,0.633333,0.366667,-0.05,-0.05,-0.5,0.666667,0.633333,0.583333,0.666667,0.666667,0.7,0.5,0.5,0.6,0.7,0.5,0.666667,0.5,1,0,0,0.5,0.5,0.666667,0,1,0,0.17
"es","es;q0.667;c0.000;t0.1700","-5.551E-17","1","3","PBestGuess14",0.2,0,0,0,1,0,0,0,0,0,0.85,0.38,0.0002778,0.0166667,0,0.00559,0.0641667,0.0641667,0.0641667,0,0,0,0,0.683333,0.5,0.5,0.683333,0.683333,0.683333,0.316667,0.683333,,0.683333,0.316667,0.683333,0.316667,-0.05,-0.05,-0.5,0.666667,0.683333,0.583333,0.666667,0.666667,0.9,0.5,0.5,0.7,0.9,0.5,0.666667,0.5,1,0,0,0.5,0.5,0.666667,0,1,0,0.17
"es","es;q0.667;c0.000;t0.1700","-5.551E-17","1","3","PBestGuess15",0,,,,,,,,,,,,,,,,,,,,,,,,,,,,,,,,,,,,,,,,,,,,,,,,,,,,,,,,,,,,,
"es","es;q0.667;c0.000;t0.1700","-5.551E-17","1","3","PBestGuess16",0,,,,,,,,,,,,,,,,,,,,,,,,,,,,,,,,,,,,,,,,,,,,,,,,,,,,,,,,,,,,,
"es","es;q0.667;c0.000;t0.1700","-5.551E-17","1","3","PBestGuess17",0,,,,,,,,,,,,,,,,,,,,,,,,,,,,,,,,,,,,,,,,,,,,,,,,,,,,,,,,,,,,,
"es","es;q0.667;c0.000;t0.1700","-5.551E-17","1","3","PBestGuess18",0,,,,,,,,,,,,,,,,,,,,,,,,,,,,,,,,,,,,,,,,,,,,,,,,,,,,,,,,,,,,,
"es","es;q0.667;c0.000;t0.1700","-5.551E-17","1","3","PBestGuess19",0,,,,,,,,,,,,,,,,,,,,,,,,,,,,,,,,,,,,,,,,,,,,,,,,,,,,,,,,,,,,,
"es","es;q0.667;c0.000;t0.1700","-5.551E-17","1","3","PBestGuess20",0,,,,,,,,,,,,,,,,,,,,,,,,,,,,,,,,,,,,,,,,,,,,,,,,,,,,,,,,,,,,,
"es","es;q0.667;c0.000;t0.1700","-5.551E-17","1","3","DBestGuess1",0,,,,,,,,,,,,,,,,,,,,,,,,,,,,,,,,,,,,,,,,,,,,,,,,,,,,,,,,,,,,,
"es","es;q0.667;c0.000;t0.1700","-5.551E-17","1","3","DBestGuess2",0,,,,,,,,,,,,,,,,,,,,,,,,,,,,,,,,,,,,,,,,,,,,,,,,,,,,,,,,,,,,,
"es","es;q0.667;c0.000;t0.1700","-5.551E-17","1","3","DBestGuess3",0,,,,,,,,,,,,,,,,,,,,,,,,,,,,,,,,,,,,,,,,,,,,,,,,,,,,,,,,,,,,,
"es","es;q0.667;c0.000;t0.1700","-5.551E-17","1","3","DBestGuess4",0,,,,,,,,,,,,,,,,,,,,,,,,,,,,,,,,,,,,,,,,,,,,,,,,,,,,,,,,,,,,,
"es","es;q0.667;c0.000;t0.1700","-5.551E-17","1","3","DBestGuess5",0,,,,,,,,,,,,,,,,,,,,,,,,,,,,,,,,,,,,,,,,,,,,,,,,,,,,,,,,,,,,,
"es","es;q0.667;c0.000;t0.1700","-5.551E-17","1","3","DBestGuess6",0,,,,,,,,,,,,,,,,,,,,,,,,,,,,,,,,,,,,,,,,,,,,,,,,,,,,,,,,,,,,,
"es","es;q0.667;c0.000;t0.1700","-5.551E-17","1","3","DBestGuess7",0,,,,,,,,,,,,,,,,,,,,,,,,,,,,,,,,,,,,,,,,,,,,,,,,,,,,,,,,,,,,,
"es","es;q0.667;c0.000;t0.1700","-5.551E-17","1","3","DBestGuess8",0,,,,,,,,,,,,,,,,,,,,,,,,,,,,,,,,,,,,,,,,,,,,,,,,,,,,,,,,,,,,,
"es","es;q0.667;c0.000;t0.1700","-5.551E-17","1","3","DBestGuess9",0,,,,,,,,,,,,,,,,,,,,,,,,,,,,,,,,,,,,,,,,,,,,,,,,,,,,,,,,,,,,,
"es","es;q0.667;c0.000;t0.1700","-5.551E-17","1","3","DBestGuess10",0.2,0,0,0,1,0,0,0,0,0,0.76,0.3,0.0336111,0.183333,0,0.038924,0.183333,0.183333,0.183333,0,0,0,0,0.483333,0.5,0.5,0.483333,0.483333,0.483333,0.516667,0.483333,,0.483333,0.516667,0.483333,0.516667,-0.05,-0.05,-0.5,0.666667,0.583333,0.483333,0.666667,0.666667,0.5,0.1,0.5,0.3,0.5,0.1,0.666667,0.5,1,0,0,0.5,0.5,0.666667,0,1,0,0.17
"es","es;q0.667;c0.000;t0.1700","-5.551E-17","1","3","DBestGuess11",0.2,0,0,0,1,0,0,0,0,0,0.76,0.35,0.0177778,0.133333,0,0.02309,0.133333,0.133333,0.133333,0,0,0,0,0.533333,0.5,0.5,0.533333,0.533333,0.533333,0.466667,0.533333,,0.533333,0.466667,0.533333,0.466667,-0.05,-0.05,-0.5,0.666667,0.583333,0.533333,0.666667,0.666667,0.5,0.3,0.5,0.4,0.5,0.3,0.666667,0.5,1,0,0,0.5,0.5,0.666667,0,1,0,0.17
"es","es;q0.667;c0.000;t0.1700","-5.551E-17","1","3","DBestGuess12",0.2,0,0,0,1,0,0,0,0,0,0.76,0.35,0.0069444,0.0833333,0,0.012257,0.0908333,0.0908333,0.0908333,0,0,0,0,0.583333,0.5,0.5,0.583333,0.583333,0.583333,0.416667,0.583333,,0.583333,0.416667,0.583333,0.416667,-0.05,-0.05,-0.5,0.666667,0.583333,0.583333,0.666667,0.666667,0.5,0.5,0.5,0.5,0.5,0.5,0.666667,0.5,1,0,0,0.5,0.5,0.666667,0,1,0,0.17
"es","es;q0.667;c0.000;t0.1700","-5.551E-17","1","3","DBestGuess13",0.2,0,0,0,1,0,0,0,0,0,0.76,0.45,0.0011111,0.0333333,0,0.006424,0.0675,0.0675,0.0675,0,0,0,0,0.633333,0.5,0.5,0.633333,0.633333,0.633333,0.366667,0.633333,,0.633333,0.366667,0.633333,0.366667,-0.05,-0.05,-0.5,0.666667,0.583333,0.633333,0.666667,0.666667,0.5,0.7,0.5,0.6,0.5,0.7,0.666667,0.5,1,0,0,0.5,0.5,0.666667,0,1,0,0.17
"es","es;q0.667;c0.000;t0.1700","-5.551E-17","1","3","DBestGuess14",0.2,0,0,0,1,0,0,0,0,0,0.76,0.45,0.0002778,0.0166667,0,0.00559,0.0641667,0.0641667,0.0641667,0,0,0,0,0.683333,0.5,0.5,0.683333,0.683333,0.683333,0.316667,0.683333,,0.683333,0.316667,0.683333,0.316667,-0.05,-0.05,-0.5,0.666667,0.583333,0.683333,0.666667,0.666667,0.5,0.9,0.5,0.7,0.5,0.9,0.666667,0.5,1,0,0,0.5,0.5,0.666667,0,1,0,0.17
"es","es;q0.667;c0.000;t0.1700","-5.551E-17","1","3","DBestGuess15",0,,,,,,,,,,,,,,,,,,,,,,,,,,,,,,,,,,,,,,,,,,,,,,,,,,,,,,,,,,,,,
"es","es;q0.667;c0.000;t0.1700","-5.551E-17","1","3","DBestGuess16",0,,,,,,,,,,,,,,,,,,,,,,,,,,,,,,,,,,,,,,,,,,,,,,,,,,,,,,,,,,,,,
"es","es;q0.667;c0.000;t0.1700","-5.551E-17","1","3","DBestGuess17",0,,,,,,,,,,,,,,,,,,,,,,,,,,,,,,,,,,,,,,,,,,,,,,,,,,,,,,,,,,,,,
"es","es;q0.667;c0.000;t0.1700","-5.551E-17","1","3","DBestGuess18",0,,,,,,,,,,,,,,,,,,,,,,,,,,,,,,,,,,,,,,,,,,,,,,,,,,,,,,,,,,,,,
"es","es;q0.667;c0.000;t0.1700","-5.551E-17","1","3","DBestGuess19",0,,,,,,,,,,,,,,,,,,,,,,,,,,,,,,,,,,,,,,,,,,,,,,,,,,,,,,,,,,,,,
"es","es;q0.667;c0.000;t0.1700","-5.551E-17","1","3","DBestGuess20",0,,,,,,,,,,,,,,,,,,,,,,,,,,,,,,,,,,,,,,,,,,,,,,,,,,,,,,,,,,,,,
