"GroupName","OptionSet","Exploit","Refine","Seconds","Filter","All","PQuits","DQuits","Settles","Trial","Shifting","ShiftingOccursIfTrial","ShiftingValueIfTrial","PQuits","DQuits","POffer","DOffer","DMSAcc","DMSAccL1","DMSTrialRelAccL1","AccSq","Accuracy","Accuracy_ForPlaintiff","Accuracy_ForDefendant","TrialRelativeAccSq","TrialRelativeAccuracy","TrialRelativeAccuracy_ForPlaintiff","TrialRelativeAccuracy_ForDefendant","SettlementOrJudgment","DsProportionOfCost","DsProportionOfCostIfTrial","TrialValuePreShiftingIfOccurs","TrialValueWithShiftingIfOccurs","PTrialEffect_IfOccurs","DTrialEffect_IfOccurs","ResolutionValueIncludingShiftedAmount","SettlementValue","PWealth","DWealth","PWelfare","DWelfare","PQuality","DQuality","NQuality","QualitySum","PBestGuess","DBestGuess","QualitySum_PInfo","QualitySum_DInfo","PBias","DBias","NBias","BiasSum","BiasSum_PInfo","BiasSum_DInfo","Quality","Alpha_Quality","Alpha_Both_Quality","Alpha_Plaintiff_Quality","Alpha_Defendant_Quality","Alpha_Plaintiff_Bias","Alpha_Defendant_Bias","Evidence_Both_Quality","TrialCost","FeeShifting","FSMargin","FeeShiftingThreshold"
"wtaesq","wtaesq;q0.667;c0.500;t0.8800","2.776E-17","1","104","All",1,0,0.7,0,0.3,0.3,0.8,-0.125,0,0.7,1.24,-1,0.0336111,0.183333,0.06,0.254861,0.458333,0.458333,0.458333,0.07875,0.135,0.135,0.135,0.85,0.5,0.25,0.79,0.665,0.415,0.085,0.85,,0.775,0.075,0.775,0.075,-0.05,-0.05,-0.5,0.666667,0.583333,0.583333,0.666667,0.666667,0.5,0.5,0.5,0.5,0.5,0.5,0.666667,0.5,1,0,0,0.5,0.5,0.666667,0.5,1,0,0.88
"wtaesq","wtaesq;q0.667;c0.500;t0.8800","2.776E-17","1","104","PBias1",0.1,0,0.7,0,0.3,0.3,0.8,-0.2,0,0.7,0.45,-1,0.0017361,0.0416667,0.225,0.329861,0.508333,0.583333,0.433333,0.31875,0.375,0.45,0.3,0.7,0.35,0.1,0.4,0.2,-0.05,0.55,0.625,,0.55,0.3,0.55,0.3,-0.05,-0.05,-0.5,0.666667,0.470833,0.583333,0.666667,0.666667,0.05,0.5,0.5,0.275,0.05,0.5,0.666667,0.5,1,0,0,0.5,0.5,0.666667,0.5,1,0,0.88
"wtaesq","wtaesq;q0.667;c0.500;t0.8800","2.776E-17","1","104","PBias2",0.1,0,0.7,0,0.3,0.3,0.8,-0.2,0,0.7,0.45,-1,0.0017361,0.0416667,0.125,0.329861,0.508333,0.583333,0.433333,0.21875,0.275,0.35,0.2,0.7,0.35,0.1,0.5,0.3,0.05,0.45,0.625,,0.55,0.3,0.55,0.3,-0.05,-0.05,-0.5,0.666667,0.495833,0.583333,0.666667,0.666667,0.15,0.5,0.5,0.325,0.15,0.5,0.666667,0.5,1,0,0,0.5,0.5,0.666667,0.5,1,0,0.88
"wtaesq","wtaesq;q0.667;c0.500;t0.8800","2.776E-17","1","104","PBias3",0.1,0,0.7,0,0.3,0.3,0.8,-0.2,0,0.7,0.75,-1,0.0017361,0.0416667,0.025,0.329861,0.508333,0.583333,0.433333,0.11875,0.175,0.25,0.1,0.7,0.35,0.1,0.6,0.4,0.15,0.35,0.625,,0.55,0.3,0.55,0.3,-0.05,-0.05,-0.5,0.666667,0.520833,0.583333,0.666667,0.666667,0.25,0.5,0.5,0.375,0.25,0.5,0.666667,0.5,1,0,0,0.5,0.5,0.666667,0.5,1,0,0.88
"wtaesq","wtaesq;q0.667;c0.500;t0.8800","2.776E-17","1","104","PBias4",0.1,0,0.7,0,0.3,0.3,0.8,-0.2,0,0.7,0.85,-1,0.0017361,0.0416667,0.075,0.329861,0.508333,0.583333,0.433333,0.01875,0.075,0.15,0,0.7,0.35,0.1,0.7,0.5,0.25,0.25,0.625,,0.55,0.3,0.55,0.3,-0.05,-0.05,-0.5,0.666667,0.545833,0.583333,0.666667,0.666667,0.35,0.5,0.5,0.425,0.35,0.5,0.666667,0.5,1,0,0,0.5,0.5,0.666667,0.5,1,0,0.88
"wtaesq","wtaesq;q0.667;c0.500;t0.8800","2.776E-17","1","104","PBias5",0.1,0,0.7,0,0.3,0.3,0.8,-0.15,0,0.7,0.95,-1,0.0117361,0.108333,0.025,0.279861,0.475,0.5,0.45,0.01875,0.075,0.1,0.05,0.8,0.45,0.2,0.8,0.65,0.4,0.1,0.775,,0.7,0.15,0.7,0.15,-0.05,-0.05,-0.5,0.666667,0.570833,0.583333,0.666667,0.666667,0.45,0.5,0.5,0.475,0.45,0.5,0.666667,0.5,1,0,0,0.5,0.5,0.666667,0.5,1,0,0.88
"wtaesq","wtaesq;q0.667;c0.500;t0.8800","2.776E-17","1","104","PBias6",0.1,0,0.7,0,0.3,0.3,0.8,-0.1,0,0.7,0.95,-1,0.0667361,0.258333,0.025,0.229861,0.441667,0.416667,0.466667,0.01875,0.075,0.05,0.1,0.9,0.55,0.3,0.9,0.8,0.55,-0.05,0.925,,0.85,0,0.85,0,-0.05,-0.05,-0.5,0.666667,0.595833,0.583333,0.666667,0.666667,0.55,0.5,0.5,0.525,0.55,0.5,0.666667,0.5,1,0,0,0.5,0.5,0.666667,0.5,1,0,0.88
"wtaesq","wtaesq;q0.667;c0.500;t0.8800","2.776E-17","1","104","PBias7",0.1,0,0.7,0,0.3,0.3,0.8,-0.05,0,0.7,2,-1,0.166736,0.408333,0.075,0.179861,0.408333,0.333333,0.483333,0.01875,0.075,0,0.15,1,0.65,0.4,1,0.95,0.7,-0.2,1.075,,1,-0.15,1,-0.15,-0.05,-0.05,-0.5,0.666667,0.620833,0.583333,0.666667,0.666667,0.65,0.5,0.5,0.575,0.65,0.5,0.666667,0.5,1,0,0,0.5,0.5,0.666667,0.5,1,0,0.88
"wtaesq","wtaesq;q0.667;c0.500;t0.8800","2.776E-17","1","104","PBias8",0.1,0,0.7,0,0.3,0.3,0.8,-0.05,0,0.7,2,-1,0.166736,0.408333,0.075,0.179861,0.408333,0.333333,0.483333,0.01875,0.075,0,0.15,1,0.65,0.4,1,0.95,0.7,-0.2,1.075,,1,-0.15,1,-0.15,-0.05,-0.05,-0.5,0.666667,0.645833,0.583333,0.666667,0.666667,0.75,0.5,0.5,0.625,0.75,0.5,0.666667,0.5,1,0,0,0.5,0.5,0.666667,0.5,1,0,0.88
"wtaesq","wtaesq;q0.667;c0.500;t0.8800","2.776E-17","1","104","PBias9",0.1,0,0.7,0,0.3,0.3,0.8,-0.05,0,0.7,2,-1,0.166736,0.408333,0.075,0.179861,0.408333,0.333333,0.483333,0.01875,0.075,0,0.15,1,0.65,0.4,1,0.95,0.7,-0.2,1.075,,1,-0.15,1,-0.15,-0.05,-0.05,-0.5,0.666667,0.670833,0.583333,0.666667,0.666667,0.85,0.5,0.5,0.675,0.85,0.5,0.666667,0.5,1,0,0,0.5,0.5,0.666667,0.5,1,0,0.88
"wtaesq","wtaesq;q0.667;c0.500;t0.8800","2.776E-17","1","104","PBias10",0.1,0,0.7,0,0.3,0.3,0.8,-0.05,0,0.7,2,-1,0.166736,0.408333,0.075,0.179861,0.408333,0.333333,0.483333,0.01875,0.075,0,0.15,1,0.65,0.4,1,0.95,0.7,-0.2,1.075,,1,-0.15,1,-0.15,-0.05,-0.05,-0.5,0.666667,0.695833,0.583333,0.666667,0.666667,0.95,0.5,0.5,0.725,0.95,0.5,0.666667,0.5,1,0,0,0.5,0.5,0.666667,0.5,1,0,0.88
"wtaesq","wtaesq;q0.667;c0.500;t0.8800","2.776E-17","1","104","DBias1",0.1,0,0,0,1,1,1,-0.05,0,0,1.24,-1,0.100278,0.316667,0.05,0.640278,0.783333,0.833333,0.733333,0.0625,0.25,0.3,0.2,0.4,0.4,0.4,0.4,0.35,0.1,0.4,0.35,,0.1,0.4,0.1,0.4,-0.05,-0.05,-0.5,0.666667,0.583333,0.470833,0.666667,0.666667,0.5,0.05,0.5,0.275,0.5,0.05,0.666667,0.5,1,0,0,0.5,0.5,0.666667,0.5,1,0,0.88
"wtaesq","wtaesq;q0.667;c0.500;t0.8800","2.776E-17","1","104","DBias2",0.1,0,0,0,1,1,1,-1.0408299999999999E-17,0,0,1.24,-1,0.0277778,0.166667,1.04083E-17,0.590278,0.75,0.75,0.75,0.0625,0.25,0.25,0.25,0.5,0.5,0.5,0.5,0.5,0.25,0.25,0.5,,0.25,0.25,0.25,0.25,-0.05,-0.05,-0.5,0.666667,0.583333,0.495833,0.666667,0.666667,0.5,0.15,0.5,0.325,0.5,0.15,0.666667,0.5,1,0,0,0.5,0.5,0.666667,0.5,1,0,0.88
"wtaesq","wtaesq;q0.667;c0.500;t0.8800","2.776E-17","1","104","DBias3",0.1,0,0,0,1,1,1,0.05,0,0,1.24,-1,0.0002778,0.0166667,0.05,0.540278,0.716667,0.666667,0.766667,0.0625,0.25,0.2,0.3,0.6,0.6,0.6,0.6,0.65,0.4,0.1,0.65,,0.4,0.1,0.4,0.1,-0.05,-0.05,-0.5,0.666667,0.583333,0.520833,0.666667,0.666667,0.5,0.25,0.5,0.375,0.5,0.25,0.666667,0.5,1,0,0,0.5,0.5,0.666667,0.5,1,0,0.88
"wtaesq","wtaesq;q0.667;c0.500;t0.8800","2.776E-17","1","104","DBias4",0.1,0,1,0,0,0,1,-0.25,0,1,,,0.111111,0.333333,0.3,0.111111,0.333333,0.333333,0.333333,0.3,0.3,0.3,0.3,1,0.5,0,0.7,0.45,0.2,0.3,1,,1,0,1,0,-0.05,-0.05,-0.5,0.666667,0.583333,0.545833,0.666667,0.666667,0.5,0.35,0.5,0.425,0.5,0.35,0.666667,0.5,1,0,0,0.5,0.5,0.666667,0.5,1,0,0.88
"wtaesq","wtaesq;q0.667;c0.500;t0.8800","2.776E-17","1","104","DBias5",0.1,0,1,0,0,0,1,-0.25,0,1,,,0.111111,0.333333,0.2,0.111111,0.333333,0.333333,0.333333,0.2,0.2,0.2,0.2,1,0.5,0,0.8,0.55,0.3,0.2,1,,1,0,1,0,-0.05,-0.05,-0.5,0.666667,0.583333,0.570833,0.666667,0.666667,0.5,0.45,0.5,0.475,0.5,0.45,0.666667,0.5,1,0,0,0.5,0.5,0.666667,0.5,1,0,0.88
"wtaesq","wtaesq;q0.667;c0.500;t0.8800","2.776E-17","1","104","DBias6",0.1,0,1,0,0,0,1,-0.25,0,1,,,0.111111,0.333333,0.1,0.111111,0.333333,0.333333,0.333333,0.1,0.1,0.1,0.1,1,0.5,0,0.9,0.65,0.4,0.1,1,,1,0,1,0,-0.05,-0.05,-0.5,0.666667,0.583333,0.595833,0.666667,0.666667,0.5,0.55,0.5,0.525,0.5,0.55,0.666667,0.5,1,0,0,0.5,0.5,0.666667,0.5,1,0,0.88
"wtaesq","wtaesq;q0.667;c0.500;t0.8800","2.776E-17","1","104","DBias7",0.1,0,1,0,0,0,1,-0.25,0,1,,,0.111111,0.333333,0,0.111111,0.333333,0.333333,0.333333,0,0,0,0,1,0.5,0,1,0.75,0.5,0,1,,1,0,1,0,-0.05,-0.05,-0.5,0.666667,0.583333,0.620833,0.666667,0.666667,0.5,0.65,0.5,0.575,0.5,0.65,0.666667,0.5,1,0,0,0.5,0.5,0.666667,0.5,1,0,0.88
"wtaesq","wtaesq;q0.667;c0.500;t0.8800","2.776E-17","1","104","DBias8",0.1,0,1,0,0,0,1,-0.25,0,1,,,0.111111,0.333333,0,0.111111,0.333333,0.333333,0.333333,0,0,0,0,1,0.5,0,1,0.75,0.5,0,1,,1,0,1,0,-0.05,-0.05,-0.5,0.666667,0.583333,0.645833,0.666667,0.666667,0.5,0.75,0.5,0.625,0.5,0.75,0.666667,0.5,1,0,0,0.5,0.5,0.666667,0.5,1,0,0.88
"wtaesq","wtaesq;q0.667;c0.500;t0.8800","2.776E-17","1","104","DBias9",0.1,0,1,0,0,0,0,0,0,1,,,0.111111,0.333333,0,0.111111,0.333333,0.333333,0.333333,0,0,0,0,1,0.5,0.5,1,1,0.75,-0.25,1,,1,0,1,0,-0.05,-0.05,-0.5,0.666667,0.583333,0.670833,0.666667,0.666667,0.5,0.85,0.5,0.675,0.5,0.85,0.666667,0.5,1,0,0,0.5,0.5,0.666667,0.5,1,0,0.88
"wtaesq","wtaesq;q0.667;c0.500;t0.8800","2.776E-17","1","104","DBias10",0.1,0,1,0,0,0,0,0,0,1,,,0.111111,0.333333,0,0.111111,0.333333,0.333333,0.333333,0,0,0,0,1,0.5,0.5,1,1,0.75,-0.25,1,,1,0,1,0,-0.05,-0.05,-0.5,0.666667,0.583333,0.695833,0.666667,0.666667,0.5,0.95,0.5,0.725,0.5,0.95,0.666667,0.5,1,0,0,0.5,0.5,0.666667,0.5,1,0,0.88
"wtaesq","wtaesq;q0.667;c0.500;t0.8800","2.776E-17","1","104","POffer1",0,,,,,,,,,,,,,,,,,,,,,,,,,,,,,,,,,,,,,,,,,,,,,,,,,,,,,,,,,,,,,
"wtaesq","wtaesq;q0.667;c0.500;t0.8800","2.776E-17","1","104","POffer2",0,,,,,,,,,,,,,,,,,,,,,,,,,,,,,,,,,,,,,,,,,,,,,,,,,,,,,,,,,,,,,
"wtaesq","wtaesq;q0.667;c0.500;t0.8800","2.776E-17","1","104","POffer3",0,,,,,,,,,,,,,,,,,,,,,,,,,,,,,,,,,,,,,,,,,,,,,,,,,,,,,,,,,,,,,
"wtaesq","wtaesq;q0.667;c0.500;t0.8800","2.776E-17","1","104","POffer4",0,,,,,,,,,,,,,,,,,,,,,,,,,,,,,,,,,,,,,,,,,,,,,,,,,,,,,,,,,,,,,
"wtaesq","wtaesq;q0.667;c0.500;t0.8800","2.776E-17","1","104","POffer5",0,,,,,,,,,,,,,,,,,,,,,,,,,,,,,,,,,,,,,,,,,,,,,,,,,,,,,,,,,,,,,
"wtaesq","wtaesq;q0.667;c0.500;t0.8800","2.776E-17","1","104","POffer6",0.06,0,0,0,1,1,1,-0.25,0,0,0.45,-1,0.840278,0.916667,0.25,0.840278,0.916667,1.16667,0.666667,0.0625,0.25,0.5,0,0,0,0,0,-0.25,-0.5,1,-0.25,,-0.5,1,-0.5,1,-0.05,-0.05,-0.5,0.666667,0.483333,0.495833,0.666667,0.666667,0.1,0.15,0.5,0.125,0.1,0.15,0.666667,0.5,1,0,0,0.5,0.5,0.666667,0.5,1,0,0.88
"wtaesq","wtaesq;q0.667;c0.500;t0.8800","2.776E-17","1","104","POffer7",0,,,,,,,,,,,,,,,,,,,,,,,,,,,,,,,,,,,,,,,,,,,,,,,,,,,,,,,,,,,,,
"wtaesq","wtaesq;q0.667;c0.500;t0.8800","2.776E-17","1","104","POffer8",0,,,,,,,,,,,,,,,,,,,,,,,,,,,,,,,,,,,,,,,,,,,,,,,,,,,,,,,,,,,,,
"wtaesq","wtaesq;q0.667;c0.500;t0.8800","2.776E-17","1","104","POffer9",0.03,0,0,0,1,1,1,-0.25,0,0,0.75,-1,0.840278,0.916667,0.25,0.840278,0.916667,1.16667,0.666667,0.0625,0.25,0.5,0,0,0,0,0,-0.25,-0.5,1,-0.25,,-0.5,1,-0.5,1,-0.05,-0.05,-0.5,0.666667,0.520833,0.495833,0.666667,0.666667,0.25,0.15,0.5,0.2,0.25,0.15,0.666667,0.5,1,0,0,0.5,0.5,0.666667,0.5,1,0,0.88
"wtaesq","wtaesq;q0.667;c0.500;t0.8800","2.776E-17","1","104","POffer10",0.03,0,0,0,1,1,1,-0.25,0,0,0.85,-1,0.840278,0.916667,0.25,0.840278,0.916667,1.16667,0.666667,0.0625,0.25,0.5,0,0,0,0,0,-0.25,-0.5,1,-0.25,,-0.5,1,-0.5,1,-0.05,-0.05,-0.5,0.666667,0.545833,0.495833,0.666667,0.666667,0.35,0.15,0.5,0.25,0.35,0.15,0.666667,0.5,1,0,0,0.5,0.5,0.666667,0.5,1,0,0.88
"wtaesq","wtaesq;q0.667;c0.500;t0.8800","2.776E-17","1","104","POffer11",0.06,0,0,0,1,1,1,-6.93889E-18,0,0,0.95,-1,0.0277778,0.166667,6.93889E-18,0.590278,0.75,0.75,0.75,0.0625,0.25,0.25,0.25,0.5,0.5,0.5,0.5,0.5,0.25,0.25,0.5,,0.25,0.25,0.25,0.25,-0.05,-0.05,-0.5,0.666667,0.583333,0.495833,0.666667,0.666667,0.5,0.15,0.5,0.325,0.5,0.15,0.666667,0.5,1,0,0,0.5,0.5,0.666667,0.5,1,0,0.88
"wtaesq","wtaesq;q0.667;c0.500;t0.8800","2.776E-17","1","104","POffer12",0.12,0,0,0,1,1,1,0.25,0,0,2,-1,0.340278,0.583333,0.25,0.340278,0.583333,0.333333,0.833333,0.0625,0.25,0,0.5,1,1,1,1,1.25,1,-0.5,1.25,,1,-0.5,1,-0.5,-0.05,-0.05,-0.5,0.666667,0.658333,0.495833,0.666667,0.666667,0.8,0.15,0.5,0.475,0.8,0.15,0.666667,0.5,1,0,0,0.5,0.5,0.666667,0.5,1,0,0.88
"wtaesq","wtaesq;q0.667;c0.500;t0.8800","2.776E-17","1","104","DOffer1",0.3,0,0,0,1,1,1,-9.194029999999999E-17,0,0,1.24,-1,0.0277778,0.166667,9.19403E-17,0.590278,0.75,0.75,0.75,0.0625,0.25,0.25,0.25,0.5,0.5,0.5,0.5,0.5,0.25,0.25,0.5,,0.25,0.25,0.25,0.25,-0.05,-0.05,-0.5,0.666667,0.583333,0.495833,0.666667,0.666667,0.5,0.15,0.5,0.325,0.5,0.15,0.666667,0.5,1,0,0,0.5,0.5,0.666667,0.5,1,0,0.88
"wtaesq","wtaesq;q0.667;c0.500;t0.8800","2.776E-17","1","104","DOffer2",0,,,,,,,,,,,,,,,,,,,,,,,,,,,,,,,,,,,,,,,,,,,,,,,,,,,,,,,,,,,,,
"wtaesq","wtaesq;q0.667;c0.500;t0.8800","2.776E-17","1","104","DOffer3",0,,,,,,,,,,,,,,,,,,,,,,,,,,,,,,,,,,,,,,,,,,,,,,,,,,,,,,,,,,,,,
"wtaesq","wtaesq;q0.667;c0.500;t0.8800","2.776E-17","1","104","DOffer4",0,,,,,,,,,,,,,,,,,,,,,,,,,,,,,,,,,,,,,,,,,,,,,,,,,,,,,,,,,,,,,
"wtaesq","wtaesq;q0.667;c0.500;t0.8800","2.776E-17","1","104","DOffer5",0,,,,,,,,,,,,,,,,,,,,,,,,,,,,,,,,,,,,,,,,,,,,,,,,,,,,,,,,,,,,,
"wtaesq","wtaesq;q0.667;c0.500;t0.8800","2.776E-17","1","104","DOffer6",0,,,,,,,,,,,,,,,,,,,,,,,,,,,,,,,,,,,,,,,,,,,,,,,,,,,,,,,,,,,,,
"wtaesq","wtaesq;q0.667;c0.500;t0.8800","2.776E-17","1","104","DOffer7",0,,,,,,,,,,,,,,,,,,,,,,,,,,,,,,,,,,,,,,,,,,,,,,,,,,,,,,,,,,,,,
"wtaesq","wtaesq;q0.667;c0.500;t0.8800","2.776E-17","1","104","DOffer8",0,,,,,,,,,,,,,,,,,,,,,,,,,,,,,,,,,,,,,,,,,,,,,,,,,,,,,,,,,,,,,
"wtaesq","wtaesq;q0.667;c0.500;t0.8800","2.776E-17","1","104","DOffer9",0,,,,,,,,,,,,,,,,,,,,,,,,,,,,,,,,,,,,,,,,,,,,,,,,,,,,,,,,,,,,,
"wtaesq","wtaesq;q0.667;c0.500;t0.8800","2.776E-17","1","104","DOffer10",0,,,,,,,,,,,,,,,,,,,,,,,,,,,,,,,,,,,,,,,,,,,,,,,,,,,,,,,,,,,,,
"wtaesq","wtaesq;q0.667;c0.500;t0.8800","2.776E-17","1","104","DOffer11",0,,,,,,,,,,,,,,,,,,,,,,,,,,,,,,,,,,,,,,,,,,,,,,,,,,,,,,,,,,,,,
"wtaesq","wtaesq;q0.667;c0.500;t0.8800","2.776E-17","1","104","DOffer12",0,,,,,,,,,,,,,,,,,,,,,,,,,,,,,,,,,,,,,,,,,,,,,,,,,,,,,,,,,,,,,
"wtaesq","wtaesq;q0.667;c0.500;t0.8800","2.776E-17","1","104","QualitySum1",0,,,,,,,,,,,,,,,,,,,,,,,,,,,,,,,,,,,,,,,,,,,,,,,,,,,,,,,,,,,,,
"wtaesq","wtaesq;q0.667;c0.500;t0.8800","2.776E-17","1","104","QualitySum2",0,,,,,,,,,,,,,,,,,,,,,,,,,,,,,,,,,,,,,,,,,,,,,,,,,,,,,,,,,,,,,
"wtaesq","wtaesq;q0.667;c0.500;t0.8800","2.776E-17","1","104","QualitySum3",0,,,,,,,,,,,,,,,,,,,,,,,,,,,,,,,,,,,,,,,,,,,,,,,,,,,,,,,,,,,,,
"wtaesq","wtaesq;q0.667;c0.500;t0.8800","2.776E-17","1","104","QualitySum4",0,,,,,,,,,,,,,,,,,,,,,,,,,,,,,,,,,,,,,,,,,,,,,,,,,,,,,,,,,,,,,
"wtaesq","wtaesq;q0.667;c0.500;t0.8800","2.776E-17","1","104","QualitySum5",0,,,,,,,,,,,,,,,,,,,,,,,,,,,,,,,,,,,,,,,,,,,,,,,,,,,,,,,,,,,,,
"wtaesq","wtaesq;q0.667;c0.500;t0.8800","2.776E-17","1","104","QualitySum6",0,,,,,,,,,,,,,,,,,,,,,,,,,,,,,,,,,,,,,,,,,,,,,,,,,,,,,,,,,,,,,
"wtaesq","wtaesq;q0.667;c0.500;t0.8800","2.776E-17","1","104","QualitySum7",0,,,,,,,,,,,,,,,,,,,,,,,,,,,,,,,,,,,,,,,,,,,,,,,,,,,,,,,,,,,,,
"wtaesq","wtaesq;q0.667;c0.500;t0.8800","2.776E-17","1","104","QualitySum8",0,,,,,,,,,,,,,,,,,,,,,,,,,,,,,,,,,,,,,,,,,,,,,,,,,,,,,,,,,,,,,
"wtaesq","wtaesq;q0.667;c0.500;t0.8800","2.776E-17","1","104","QualitySum9",0,,,,,,,,,,,,,,,,,,,,,,,,,,,,,,,,,,,,,,,,,,,,,,,,,,,,,,,,,,,,,
"wtaesq","wtaesq;q0.667;c0.500;t0.8800","2.776E-17","1","104","QualitySum10",0,,,,,,,,,,,,,,,,,,,,,,,,,,,,,,,,,,,,,,,,,,,,,,,,,,,,,,,,,,,,,
"wtaesq","wtaesq;q0.667;c0.500;t0.8800","2.776E-17","1","104","QualitySum11",0,,,,,,,,,,,,,,,,,,,,,,,,,,,,,,,,,,,,,,,,,,,,,,,,,,,,,,,,,,,,,
"wtaesq","wtaesq;q0.667;c0.500;t0.8800","2.776E-17","1","104","QualitySum12",0,,,,,,,,,,,,,,,,,,,,,,,,,,,,,,,,,,,,,,,,,,,,,,,,,,,,,,,,,,,,,
"wtaesq","wtaesq;q0.667;c0.500;t0.8800","2.776E-17","1","104","QualitySum13",0,,,,,,,,,,,,,,,,,,,,,,,,,,,,,,,,,,,,,,,,,,,,,,,,,,,,,,,,,,,,,
"wtaesq","wtaesq;q0.667;c0.500;t0.8800","2.776E-17","1","104","QualitySum14",1,0,0.7,0,0.3,0.3,0.8,-0.125,0,0.7,1.24,-1,0.0336111,0.183333,0.06,0.254861,0.458333,0.458333,0.458333,0.07875,0.135,0.135,0.135,0.85,0.5,0.25,0.79,0.665,0.415,0.085,0.85,,0.775,0.075,0.775,0.075,-0.05,-0.05,-0.5,0.666667,0.583333,0.583333,0.666667,0.666667,0.5,0.5,0.5,0.5,0.5,0.5,0.666667,0.5,1,0,0,0.5,0.5,0.666667,0.5,1,0,0.88
"wtaesq","wtaesq;q0.667;c0.500;t0.8800","2.776E-17","1","104","QualitySum15",0,,,,,,,,,,,,,,,,,,,,,,,,,,,,,,,,,,,,,,,,,,,,,,,,,,,,,,,,,,,,,
"wtaesq","wtaesq;q0.667;c0.500;t0.8800","2.776E-17","1","104","QualitySum16",0,,,,,,,,,,,,,,,,,,,,,,,,,,,,,,,,,,,,,,,,,,,,,,,,,,,,,,,,,,,,,
"wtaesq","wtaesq;q0.667;c0.500;t0.8800","2.776E-17","1","104","QualitySum17",0,,,,,,,,,,,,,,,,,,,,,,,,,,,,,,,,,,,,,,,,,,,,,,,,,,,,,,,,,,,,,
"wtaesq","wtaesq;q0.667;c0.500;t0.8800","2.776E-17","1","104","QualitySum18",0,,,,,,,,,,,,,,,,,,,,,,,,,,,,,,,,,,,,,,,,,,,,,,,,,,,,,,,,,,,,,
"wtaesq","wtaesq;q0.667;c0.500;t0.8800","2.776E-17","1","104","QualitySum19",0,,,,,,,,,,,,,,,,,,,,,,,,,,,,,,,,,,,,,,,,,,,,,,,,,,,,,,,,,,,,,
"wtaesq","wtaesq;q0.667;c0.500;t0.8800","2.776E-17","1","104","QualitySum20",0,,,,,,,,,,,,,,,,,,,,,,,,,,,,,,,,,,,,,,,,,,,,,,,,,,,,,,,,,,,,,
"wtaesq","wtaesq;q0.667;c0.500;t0.8800","2.776E-17","1","104","PBestGuess1",0,,,,,,,,,,,,,,,,,,,,,,,,,,,,,,,,,,,,,,,,,,,,,,,,,,,,,,,,,,,,,
"wtaesq","wtaesq;q0.667;c0.500;t0.8800","2.776E-17","1","104","PBestGuess2",0,,,,,,,,,,,,,,,,,,,,,,,,,,,,,,,,,,,,,,,,,,,,,,,,,,,,,,,,,,,,,
"wtaesq","wtaesq;q0.667;c0.500;t0.8800","2.776E-17","1","104","PBestGuess3",0,,,,,,,,,,,,,,,,,,,,,,,,,,,,,,,,,,,,,,,,,,,,,,,,,,,,,,,,,,,,,
"wtaesq","wtaesq;q0.667;c0.500;t0.8800","2.776E-17","1","104","PBestGuess4",0,,,,,,,,,,,,,,,,,,,,,,,,,,,,,,,,,,,,,,,,,,,,,,,,,,,,,,,,,,,,,
"wtaesq","wtaesq;q0.667;c0.500;t0.8800","2.776E-17","1","104","PBestGuess5",0,,,,,,,,,,,,,,,,,,,,,,,,,,,,,,,,,,,,,,,,,,,,,,,,,,,,,,,,,,,,,
"wtaesq","wtaesq;q0.667;c0.500;t0.8800","2.776E-17","1","104","PBestGuess6",0,,,,,,,,,,,,,,,,,,,,,,,,,,,,,,,,,,,,,,,,,,,,,,,,,,,,,,,,,,,,,
"wtaesq","wtaesq;q0.667;c0.500;t0.8800","2.776E-17","1","104","PBestGuess7",0,,,,,,,,,,,,,,,,,,,,,,,,,,,,,,,,,,,,,,,,,,,,,,,,,,,,,,,,,,,,,
"wtaesq","wtaesq;q0.667;c0.500;t0.8800","2.776E-17","1","104","PBestGuess8",0,,,,,,,,,,,,,,,,,,,,,,,,,,,,,,,,,,,,,,,,,,,,,,,,,,,,,,,,,,,,,
"wtaesq","wtaesq;q0.667;c0.500;t0.8800","2.776E-17","1","104","PBestGuess9",0,,,,,,,,,,,,,,,,,,,,,,,,,,,,,,,,,,,,,,,,,,,,,,,,,,,,,,,,,,,,,
"wtaesq","wtaesq;q0.667;c0.500;t0.8800","2.776E-17","1","104","PBestGuess10",0.2,0,0.7,0,0.3,0.3,0.8,-0.2,0,0.7,0.45,-1,0.0017361,0.0416667,0.175,0.329861,0.508333,0.583333,0.433333,0.26875,0.325,0.4,0.25,0.7,0.35,0.1,0.45,0.25,-2.7755600000000004E-17,0.5,0.625,,0.55,0.3,0.55,0.3,-0.05,-0.05,-0.5,0.666667,0.483333,0.583333,0.666667,0.666667,0.1,0.5,0.5,0.3,0.1,0.5,0.666667,0.5,1,0,0,0.5,0.5,0.666667,0.5,1,0,0.88
"wtaesq","wtaesq;q0.667;c0.500;t0.8800","2.776E-17","1","104","PBestGuess11",0.2,0,0.7,0,0.3,0.3,0.8,-0.2,0,0.7,0.8,-1,0.0017361,0.0416667,0.025,0.329861,0.508333,0.583333,0.433333,0.06875,0.125,0.2,0.05,0.7,0.35,0.1,0.65,0.45,0.2,0.3,0.625,,0.55,0.3,0.55,0.3,-0.05,-0.05,-0.5,0.666667,0.533333,0.583333,0.666667,0.666667,0.3,0.5,0.5,0.4,0.3,0.5,0.666667,0.5,1,0,0,0.5,0.5,0.666667,0.5,1,0,0.88
"wtaesq","wtaesq;q0.667;c0.500;t0.8800","2.776E-17","1","104","PBestGuess12",0.2,0,0.7,0,0.3,0.3,0.8,-0.125,0,0.7,0.95,-1,0.0336111,0.183333,6.76542E-18,0.254861,0.458333,0.458333,0.458333,0.01875,0.075,0.075,0.075,0.85,0.5,0.25,0.85,0.725,0.475,0.025,0.85,,0.775,0.075,0.775,0.075,-0.05,-0.05,-0.5,0.666667,0.583333,0.583333,0.666667,0.666667,0.5,0.5,0.5,0.5,0.5,0.5,0.666667,0.5,1,0,0,0.5,0.5,0.666667,0.5,1,0,0.88
"wtaesq","wtaesq;q0.667;c0.500;t0.8800","2.776E-17","1","104","PBestGuess13",0.2,0,0.7,0,0.3,0.3,0.8,-0.05,0,0.7,2,-1,0.166736,0.408333,0.075,0.179861,0.408333,0.333333,0.483333,0.01875,0.075,0,0.15,1,0.65,0.4,1,0.95,0.7,-0.2,1.075,,1,-0.15,1,-0.15,-0.05,-0.05,-0.5,0.666667,0.633333,0.583333,0.666667,0.666667,0.7,0.5,0.5,0.6,0.7,0.5,0.666667,0.5,1,0,0,0.5,0.5,0.666667,0.5,1,0,0.88
"wtaesq","wtaesq;q0.667;c0.500;t0.8800","2.776E-17","1","104","PBestGuess14",0.2,0,0.7,0,0.3,0.3,0.8,-0.05,0,0.7,2,-1,0.166736,0.408333,0.075,0.179861,0.408333,0.333333,0.483333,0.01875,0.075,0,0.15,1,0.65,0.4,1,0.95,0.7,-0.2,1.075,,1,-0.15,1,-0.15,-0.05,-0.05,-0.5,0.666667,0.683333,0.583333,0.666667,0.666667,0.9,0.5,0.5,0.7,0.9,0.5,0.666667,0.5,1,0,0,0.5,0.5,0.666667,0.5,1,0,0.88
"wtaesq","wtaesq;q0.667;c0.500;t0.8800","2.776E-17","1","104","PBestGuess15",0,,,,,,,,,,,,,,,,,,,,,,,,,,,,,,,,,,,,,,,,,,,,,,,,,,,,,,,,,,,,,
"wtaesq","wtaesq;q0.667;c0.500;t0.8800","2.776E-17","1","104","PBestGuess16",0,,,,,,,,,,,,,,,,,,,,,,,,,,,,,,,,,,,,,,,,,,,,,,,,,,,,,,,,,,,,,
"wtaesq","wtaesq;q0.667;c0.500;t0.8800","2.776E-17","1","104","PBestGuess17",0,,,,,,,,,,,,,,,,,,,,,,,,,,,,,,,,,,,,,,,,,,,,,,,,,,,,,,,,,,,,,
"wtaesq","wtaesq;q0.667;c0.500;t0.8800","2.776E-17","1","104","PBestGuess18",0,,,,,,,,,,,,,,,,,,,,,,,,,,,,,,,,,,,,,,,,,,,,,,,,,,,,,,,,,,,,,
"wtaesq","wtaesq;q0.667;c0.500;t0.8800","2.776E-17","1","104","PBestGuess19",0,,,,,,,,,,,,,,,,,,,,,,,,,,,,,,,,,,,,,,,,,,,,,,,,,,,,,,,,,,,,,
"wtaesq","wtaesq;q0.667;c0.500;t0.8800","2.776E-17","1","104","PBestGuess20",0,,,,,,,,,,,,,,,,,,,,,,,,,,,,,,,,,,,,,,,,,,,,,,,,,,,,,,,,,,,,,
"wtaesq","wtaesq;q0.667;c0.500;t0.8800","2.776E-17","1","104","DBestGuess1",0,,,,,,,,,,,,,,,,,,,,,,,,,,,,,,,,,,,,,,,,,,,,,,,,,,,,,,,,,,,,,
"wtaesq","wtaesq;q0.667;c0.500;t0.8800","2.776E-17","1","104","DBestGuess2",0,,,,,,,,,,,,,,,,,,,,,,,,,,,,,,,,,,,,,,,,,,,,,,,,,,,,,,,,,,,,,
"wtaesq","wtaesq;q0.667;c0.500;t0.8800","2.776E-17","1","104","DBestGuess3",0,,,,,,,,,,,,,,,,,,,,,,,,,,,,,,,,,,,,,,,,,,,,,,,,,,,,,,,,,,,,,
"wtaesq","wtaesq;q0.667;c0.500;t0.8800","2.776E-17","1","104","DBestGuess4",0,,,,,,,,,,,,,,,,,,,,,,,,,,,,,,,,,,,,,,,,,,,,,,,,,,,,,,,,,,,,,
"wtaesq","wtaesq;q0.667;c0.500;t0.8800","2.776E-17","1","104","DBestGuess5",0,,,,,,,,,,,,,,,,,,,,,,,,,,,,,,,,,,,,,,,,,,,,,,,,,,,,,,,,,,,,,
"wtaesq","wtaesq;q0.667;c0.500;t0.8800","2.776E-17","1","104","DBestGuess6",0,,,,,,,,,,,,,,,,,,,,,,,,,,,,,,,,,,,,,,,,,,,,,,,,,,,,,,,,,,,,,
"wtaesq","wtaesq;q0.667;c0.500;t0.8800","2.776E-17","1","104","DBestGuess7",0,,,,,,,,,,,,,,,,,,,,,,,,,,,,,,,,,,,,,,,,,,,,,,,,,,,,,,,,,,,,,
"wtaesq","wtaesq;q0.667;c0.500;t0.8800","2.776E-17","1","104","DBestGuess8",0,,,,,,,,,,,,,,,,,,,,,,,,,,,,,,,,,,,,,,,,,,,,,,,,,,,,,,,,,,,,,
"wtaesq","wtaesq;q0.667;c0.500;t0.8800","2.776E-17","1","104","DBestGuess9",0,,,,,,,,,,,,,,,,,,,,,,,,,,,,,,,,,,,,,,,,,,,,,,,,,,,,,,,,,,,,,
"wtaesq","wtaesq;q0.667;c0.500;t0.8800","2.776E-17","1","104","DBestGuess10",0.2,0,0,0,1,1,1,-0.025,0,0,1.24,-1,0.0584028,0.241667,0.025,0.615278,0.766667,0.791667,0.741667,0.0625,0.25,0.275,0.225,0.45,0.45,0.45,0.45,0.425,0.175,0.325,0.425,,0.175,0.325,0.175,0.325,-0.05,-0.05,-0.5,0.666667,0.583333,0.483333,0.666667,0.666667,0.5,0.1,0.5,0.3,0.5,0.1,0.666667,0.5,1,0,0,0.5,0.5,0.666667,0.5,1,0,0.88
"wtaesq","wtaesq;q0.667;c0.500;t0.8800","2.776E-17","1","104","DBestGuess11",0.2,0,0.5,0,0.5,0.5,1,-0.1,0,0.5,1.24,-1,0.0250694,0.158333,0.175,0.325694,0.525,0.5,0.55,0.18125,0.275,0.25,0.3,0.8,0.55,0.3,0.65,0.55,0.3,0.2,0.825,,0.7,0.05,0.7,0.05,-0.05,-0.05,-0.5,0.666667,0.583333,0.533333,0.666667,0.666667,0.5,0.3,0.5,0.4,0.5,0.3,0.666667,0.5,1,0,0,0.5,0.5,0.666667,0.5,1,0,0.88
"wtaesq","wtaesq;q0.667;c0.500;t0.8800","2.776E-17","1","104","DBestGuess12",0.2,0,1,0,0,0,1,-0.25,0,1,,,0.111111,0.333333,0.15,0.111111,0.333333,0.333333,0.333333,0.15,0.15,0.15,0.15,1,0.5,0,0.85,0.6,0.35,0.15,1,,1,0,1,0,-0.05,-0.05,-0.5,0.666667,0.583333,0.583333,0.666667,0.666667,0.5,0.5,0.5,0.5,0.5,0.5,0.666667,0.5,1,0,0,0.5,0.5,0.666667,0.5,1,0,0.88
"wtaesq","wtaesq;q0.667;c0.500;t0.8800","2.776E-17","1","104","DBestGuess13",0.2,0,1,0,0,0,1,-0.25,0,1,,,0.111111,0.333333,0,0.111111,0.333333,0.333333,0.333333,0,0,0,0,1,0.5,0,1,0.75,0.5,0,1,,1,0,1,0,-0.05,-0.05,-0.5,0.666667,0.583333,0.633333,0.666667,0.666667,0.5,0.7,0.5,0.6,0.5,0.7,0.666667,0.5,1,0,0,0.5,0.5,0.666667,0.5,1,0,0.88
"wtaesq","wtaesq;q0.667;c0.500;t0.8800","2.776E-17","1","104","DBestGuess14",0.2,0,1,0,0,0,0,0,0,1,,,0.111111,0.333333,0,0.111111,0.333333,0.333333,0.333333,0,0,0,0,1,0.5,0.5,1,1,0.75,-0.25,1,,1,0,1,0,-0.05,-0.05,-0.5,0.666667,0.583333,0.683333,0.666667,0.666667,0.5,0.9,0.5,0.7,0.5,0.9,0.666667,0.5,1,0,0,0.5,0.5,0.666667,0.5,1,0,0.88
"wtaesq","wtaesq;q0.667;c0.500;t0.8800","2.776E-17","1","104","DBestGuess15",0,,,,,,,,,,,,,,,,,,,,,,,,,,,,,,,,,,,,,,,,,,,,,,,,,,,,,,,,,,,,,
"wtaesq","wtaesq;q0.667;c0.500;t0.8800","2.776E-17","1","104","DBestGuess16",0,,,,,,,,,,,,,,,,,,,,,,,,,,,,,,,,,,,,,,,,,,,,,,,,,,,,,,,,,,,,,
"wtaesq","wtaesq;q0.667;c0.500;t0.8800","2.776E-17","1","104","DBestGuess17",0,,,,,,,,,,,,,,,,,,,,,,,,,,,,,,,,,,,,,,,,,,,,,,,,,,,,,,,,,,,,,
"wtaesq","wtaesq;q0.667;c0.500;t0.8800","2.776E-17","1","104","DBestGuess18",0,,,,,,,,,,,,,,,,,,,,,,,,,,,,,,,,,,,,,,,,,,,,,,,,,,,,,,,,,,,,,
"wtaesq","wtaesq;q0.667;c0.500;t0.8800","2.776E-17","1","104","DBestGuess19",0,,,,,,,,,,,,,,,,,,,,,,,,,,,,,,,,,,,,,,,,,,,,,,,,,,,,,,,,,,,,,
"wtaesq","wtaesq;q0.667;c0.500;t0.8800","2.776E-17","1","104","DBestGuess20",0,,,,,,,,,,,,,,,,,,,,,,,,,,,,,,,,,,,,,,,,,,,,,,,,,,,,,,,,,,,,,
