"GroupName","OptionSet","Exploit","Refine","Seconds","Filter","All","PQuits","DQuits","Settles","Trial","Shifting","ShiftingOccursIfTrial","ShiftingValueIfTrial","PQuits","DQuits","POffer","DOffer","DMSAcc","DMSAccL1","DMSTrialRelAccL1","AccSq","Accuracy","Accuracy_ForPlaintiff","Accuracy_ForDefendant","TrialRelativeAccSq","TrialRelativeAccuracy","TrialRelativeAccuracy_ForPlaintiff","TrialRelativeAccuracy_ForDefendant","SettlementOrJudgment","DsProportionOfCost","DsProportionOfCostIfTrial","TrialValuePreShiftingIfOccurs","TrialValueWithShiftingIfOccurs","PTrialEffect_IfOccurs","DTrialEffect_IfOccurs","ResolutionValueIncludingShiftedAmount","SettlementValue","PWealth","DWealth","PWelfare","DWelfare","PQuality","DQuality","NQuality","QualitySum","PBestGuess","DBestGuess","QualitySum_PInfo","QualitySum_DInfo","PBias","DBias","NBias","BiasSum","BiasSum_PInfo","BiasSum_DInfo","Quality","Alpha_Quality","Alpha_Both_Quality","Alpha_Plaintiff_Quality","Alpha_Defendant_Quality","Alpha_Plaintiff_Bias","Alpha_Defendant_Bias","Evidence_Both_Quality","TrialCost","FeeShifting","FSMargin","FeeShiftingThreshold"
"es","es;q0.833;c0.250;t0.0200","-3.0530000000000005E-16","1","13","All",1,0,0,0.9,0.1,0,0,0,0,0,0.66,0.65,0.0290418,0.170417,0.00375,0.031059,0.172417,0.182917,0.17325,0.00840625,0.07125,0.08375,0.08375,0.662917,0.5,0.5,0.666667,0.666667,0.541667,0.208333,0.662917,0.65,0.650417,0.324583,0.650417,0.324583,-0.05,-0.05,-0.5,0.833333,0.666667,0.666667,0.833333,0.833333,0.5,0.5,0.5,0.5,0.5,0.5,0.833333,0.5,1,0,0,0.5,0.5,0.833333,0.25,1,0,0.02
"es","es;q0.833;c0.250;t0.0200","-3.0530000000000005E-16","1","13","PBias1",0.1,0,0,1,0,0,0,0,0,0,0.65,0.65,0.0336111,0.183333,0.0958333,0.033611,0.183333,0.183333,0.183333,0.0143403,0.0991667,0.0991667,0.0991667,0.65,0.5,0.5,0.554167,0.554167,0.429167,0.320833,0.65,0.65,0.65,0.35,0.65,0.35,-0.05,-0.05,-0.5,0.833333,0.554167,0.666667,0.833333,0.833333,0.05,0.5,0.5,0.275,0.05,0.5,0.833333,0.5,1,0,0,0.5,0.5,0.833333,0.25,1,0,0.02
"es","es;q0.833;c0.250;t0.0200","-3.0530000000000005E-16","1","13","PBias2",0.1,0,0,1,0,0,0,0,0,0,0.65,0.65,0.0336111,0.183333,0.0708333,0.033611,0.183333,0.183333,0.183333,0.0101736,0.0825,0.0825,0.0825,0.65,0.5,0.5,0.579167,0.579167,0.454167,0.295833,0.65,0.65,0.65,0.35,0.65,0.35,-0.05,-0.05,-0.5,0.833333,0.579167,0.666667,0.833333,0.833333,0.15,0.5,0.5,0.325,0.15,0.5,0.833333,0.5,1,0,0,0.5,0.5,0.833333,0.25,1,0,0.02
"es","es;q0.833;c0.250;t0.0200","-3.0530000000000005E-16","1","13","PBias3",0.1,0,0,1,0,0,0,0,0,0,0.65,0.65,0.0336111,0.183333,0.0458333,0.033611,0.183333,0.183333,0.183333,0.00725694,0.0708333,0.0708333,0.0708333,0.65,0.5,0.5,0.604167,0.604167,0.479167,0.270833,0.65,0.65,0.65,0.35,0.65,0.35,-0.05,-0.05,-0.5,0.833333,0.604167,0.666667,0.833333,0.833333,0.25,0.5,0.5,0.375,0.25,0.5,0.833333,0.5,1,0,0,0.5,0.5,0.833333,0.25,1,0,0.02
"es","es;q0.833;c0.250;t0.0200","-3.0530000000000005E-16","1","13","PBias4",0.1,0,0,1,0,0,0,0,0,0,0.65,0.65,0.0336111,0.183333,0.0208333,0.033611,0.183333,0.183333,0.183333,0.00559028,0.0641667,0.0641667,0.0641667,0.65,0.5,0.5,0.629167,0.629167,0.504167,0.245833,0.65,0.65,0.65,0.35,0.65,0.35,-0.05,-0.05,-0.5,0.833333,0.629167,0.666667,0.833333,0.833333,0.35,0.5,0.5,0.425,0.35,0.5,0.833333,0.5,1,0,0,0.5,0.5,0.833333,0.25,1,0,0.02
"es","es;q0.833;c0.250;t0.0200","-3.0530000000000005E-16","1","13","PBias5",0.1,0,0,1,0,0,0,0,0,0,0.65,0.65,0.0336111,0.183333,0.00416667,0.033611,0.183333,0.183333,0.183333,0.00517361,0.0625,0.0625,0.0625,0.65,0.5,0.5,0.654167,0.654167,0.529167,0.220833,0.65,0.65,0.65,0.35,0.65,0.35,-0.05,-0.05,-0.5,0.833333,0.654167,0.666667,0.833333,0.833333,0.45,0.5,0.5,0.475,0.45,0.5,0.833333,0.5,1,0,0,0.5,0.5,0.833333,0.25,1,0,0.02
"es","es;q0.833;c0.250;t0.0200","-3.0530000000000005E-16","1","13","PBias6",0.1,0,0,1,0,0,0,0,0,0,0.65,0.65,0.0336111,0.183333,0.0291667,0.033611,0.183333,0.183333,0.183333,0.00600694,0.0658333,0.0658333,0.0658333,0.65,0.5,0.5,0.679167,0.679167,0.554167,0.195833,0.65,0.65,0.65,0.35,0.65,0.35,-0.05,-0.05,-0.5,0.833333,0.679167,0.666667,0.833333,0.833333,0.55,0.5,0.5,0.525,0.55,0.5,0.833333,0.5,1,0,0,0.5,0.5,0.833333,0.25,1,0,0.02
"es","es;q0.833;c0.250;t0.0200","-3.0530000000000005E-16","1","13","PBias7",0.1,0,0,1,0,0,0,0,0,0,0.65,0.65,0.0336111,0.183333,0.0541667,0.033611,0.183333,0.183333,0.183333,0.00809028,0.0741667,0.0741667,0.0741667,0.65,0.5,0.5,0.704167,0.704167,0.579167,0.170833,0.65,0.65,0.65,0.35,0.65,0.35,-0.05,-0.05,-0.5,0.833333,0.704167,0.666667,0.833333,0.833333,0.65,0.5,0.5,0.575,0.65,0.5,0.833333,0.5,1,0,0,0.5,0.5,0.833333,0.25,1,0,0.02
"es","es;q0.833;c0.250;t0.0200","-3.0530000000000005E-16","1","13","PBias8",0.1,0,0,1,0,0,0,0,0,0,0.65,0.65,0.0336111,0.183333,0.0791667,0.033611,0.183333,0.183333,0.183333,0.0114236,0.0875,0.0875,0.0875,0.65,0.5,0.5,0.729167,0.729167,0.604167,0.145833,0.65,0.65,0.65,0.35,0.65,0.35,-0.05,-0.05,-0.5,0.833333,0.729167,0.666667,0.833333,0.833333,0.75,0.5,0.5,0.625,0.75,0.5,0.833333,0.5,1,0,0,0.5,0.5,0.833333,0.25,1,0,0.02
"es","es;q0.833;c0.250;t0.0200","-3.0530000000000005E-16","1","13","PBias9",0.1,0,0,1,0,0,0,0,0,0,0.65,0.65,0.0336111,0.183333,0.104167,0.033611,0.183333,0.183333,0.183333,0.0160069,0.105833,0.105833,0.105833,0.65,0.5,0.5,0.754167,0.754167,0.629167,0.120833,0.65,0.65,0.65,0.35,0.65,0.35,-0.05,-0.05,-0.5,0.833333,0.754167,0.666667,0.833333,0.833333,0.85,0.5,0.5,0.675,0.85,0.5,0.833333,0.5,1,0,0,0.5,0.5,0.833333,0.25,1,0,0.02
"es","es;q0.833;c0.250;t0.0200","-3.0530000000000005E-16","1","13","PBias10",0.1,0,0,0,1,0,0,0,0,0,0.75,0.65,0.002934,0.0541667,0,0.00809,0.0741667,0.179167,0.0825,0,0,0.125,0.125,0.779167,0.5,0.5,0.779167,0.779167,0.654167,0.0958333,0.779167,,0.654167,0.0958333,0.654167,0.0958333,-0.05,-0.05,-0.5,0.833333,0.779167,0.666667,0.833333,0.833333,0.95,0.5,0.5,0.725,0.95,0.5,0.833333,0.5,1,0,0,0.5,0.5,0.833333,0.25,1,0,0.02
"es","es;q0.833;c0.250;t0.0200","-3.0530000000000005E-16","1","13","DBias1",0.1,0,0,0.9,0.1,0,0,0,0,0,0.66,0.65,0.0330028,0.181667,0.0975,0.033028,0.181667,0.194167,0.169167,0.0143125,0.0975,0.11,0.11,0.651667,0.5,0.5,0.554167,0.554167,0.429167,0.320833,0.651667,0.65,0.639167,0.335833,0.639167,0.335833,-0.05,-0.05,-0.5,0.833333,0.666667,0.554167,0.833333,0.833333,0.5,0.05,0.5,0.275,0.5,0.05,0.833333,0.5,1,0,0,0.5,0.5,0.833333,0.25,1,0,0.02
"es","es;q0.833;c0.250;t0.0200","-3.0530000000000005E-16","1","13","DBias2",0.1,0,0,0.9,0.1,0,0,0,0,0,0.66,0.65,0.0321007,0.179167,0.075,0.032257,0.179167,0.191667,0.166667,0.01,0.0783333,0.0908333,0.0908333,0.654167,0.5,0.5,0.579167,0.579167,0.454167,0.295833,0.654167,0.65,0.641667,0.333333,0.641667,0.333333,-0.05,-0.05,-0.5,0.833333,0.666667,0.579167,0.833333,0.833333,0.5,0.15,0.5,0.325,0.5,0.15,0.833333,0.5,1,0,0,0.5,0.5,0.833333,0.25,1,0,0.02
"es","es;q0.833;c0.250;t0.0200","-3.0530000000000005E-16","1","13","DBias3",0.1,0,0,0.9,0.1,0,0,0,0,0,0.66,0.65,0.0312111,0.176667,0.0525,0.031611,0.176667,0.189167,0.165833,0.0068125,0.0641667,0.0766667,0.0766667,0.656667,0.5,0.5,0.604167,0.604167,0.479167,0.270833,0.656667,0.65,0.644167,0.330833,0.644167,0.330833,-0.05,-0.05,-0.5,0.833333,0.666667,0.604167,0.833333,0.833333,0.5,0.25,0.5,0.375,0.5,0.25,0.833333,0.5,1,0,0,0.5,0.5,0.833333,0.25,1,0,0.02
"es","es;q0.833;c0.250;t0.0200","-3.0530000000000005E-16","1","13","DBias4",0.1,0,0,0.9,0.1,0,0,0,0,0,0.66,0.65,0.030334,0.174167,0.03,0.03109,0.174167,0.186667,0.168333,0.00475,0.055,0.0675,0.0675,0.659167,0.5,0.5,0.629167,0.629167,0.504167,0.245833,0.659167,0.65,0.646667,0.328333,0.646667,0.328333,-0.05,-0.05,-0.5,0.833333,0.666667,0.629167,0.833333,0.833333,0.5,0.35,0.5,0.425,0.5,0.35,0.833333,0.5,1,0,0,0.5,0.5,0.833333,0.25,1,0,0.02
"es","es;q0.833;c0.250;t0.0200","-3.0530000000000005E-16","1","13","DBias5",0.1,0,0,0.9,0.1,0,0,0,0,0,0.66,0.65,0.0294694,0.171667,0.0075,0.030694,0.171667,0.184167,0.170833,0.0038125,0.0508333,0.0633333,0.0633333,0.661667,0.5,0.5,0.654167,0.654167,0.529167,0.220833,0.661667,0.65,0.649167,0.325833,0.649167,0.325833,-0.05,-0.05,-0.5,0.833333,0.666667,0.654167,0.833333,0.833333,0.5,0.45,0.5,0.475,0.5,0.45,0.833333,0.5,1,0,0,0.5,0.5,0.833333,0.25,1,0,0.02
"es","es;q0.833;c0.250;t0.0200","-3.0530000000000005E-16","1","13","DBias6",0.1,0,0,0.9,0.1,0,0,0,0,0,0.66,0.65,0.0286174,0.169167,0.015,0.030424,0.169167,0.181667,0.173333,0.004,0.0516667,0.0641667,0.0641667,0.664167,0.5,0.5,0.679167,0.679167,0.554167,0.195833,0.664167,0.65,0.651667,0.323333,0.651667,0.323333,-0.05,-0.05,-0.5,0.833333,0.666667,0.679167,0.833333,0.833333,0.5,0.55,0.5,0.525,0.5,0.55,0.833333,0.5,1,0,0,0.5,0.5,0.833333,0.25,1,0,0.02
"es","es;q0.833;c0.250;t0.0200","-3.0530000000000005E-16","1","13","DBias7",0.1,0,0,0.9,0.1,0,0,0,0,0,0.66,0.65,0.0277778,0.166667,0.0375,0.030278,0.166667,0.179167,0.175833,0.0053125,0.0575,0.07,0.07,0.666667,0.5,0.5,0.704167,0.704167,0.579167,0.170833,0.666667,0.65,0.654167,0.320833,0.654167,0.320833,-0.05,-0.05,-0.5,0.833333,0.666667,0.704167,0.833333,0.833333,0.5,0.65,0.5,0.575,0.5,0.65,0.833333,0.5,1,0,0,0.5,0.5,0.833333,0.25,1,0,0.02
"es","es;q0.833;c0.250;t0.0200","-3.0530000000000005E-16","1","13","DBias8",0.1,0,0,0.9,0.1,0,0,0,0,0,0.66,0.65,0.0269507,0.164167,0.06,0.030257,0.165833,0.176667,0.178333,0.00775,0.0683333,0.0808333,0.0808333,0.669167,0.5,0.5,0.729167,0.729167,0.604167,0.145833,0.669167,0.65,0.656667,0.318333,0.656667,0.318333,-0.05,-0.05,-0.5,0.833333,0.666667,0.729167,0.833333,0.833333,0.5,0.75,0.5,0.625,0.5,0.75,0.833333,0.5,1,0,0,0.5,0.5,0.833333,0.25,1,0,0.02
"es","es;q0.833;c0.250;t0.0200","-3.0530000000000005E-16","1","13","DBias9",0.1,0,0,0.9,0.1,0,0,0,0,0,0.66,0.65,0.0261361,0.161667,0.0825,0.030361,0.168333,0.174167,0.180833,0.0113125,0.0841667,0.0966667,0.0966667,0.671667,0.5,0.5,0.754167,0.754167,0.629167,0.120833,0.671667,0.65,0.659167,0.315833,0.659167,0.315833,-0.05,-0.05,-0.5,0.833333,0.666667,0.754167,0.833333,0.833333,0.5,0.85,0.5,0.675,0.5,0.85,0.833333,0.5,1,0,0,0.5,0.5,0.833333,0.25,1,0,0.02
"es","es;q0.833;c0.250;t0.0200","-3.0530000000000005E-16","1","13","DBias10",0.1,0,0,0.9,0.1,0,0,0,0,0,0.66,0.65,0.025334,0.159167,0.105,0.03059,0.170833,0.171667,0.183333,0.016,0.105,0.1175,0.1175,0.674167,0.5,0.5,0.779167,0.779167,0.654167,0.0958333,0.674167,0.65,0.661667,0.313333,0.661667,0.313333,-0.05,-0.05,-0.5,0.833333,0.666667,0.779167,0.833333,0.833333,0.5,0.95,0.5,0.725,0.5,0.95,0.833333,0.5,1,0,0,0.5,0.5,0.833333,0.25,1,0,0.02
"es","es;q0.833;c0.250;t0.0200","-3.0530000000000005E-16","1","13","POffer1",0,,,,,,,,,,,,,,,,,,,,,,,,,,,,,,,,,,,,,,,,,,,,,,,,,,,,,,,,,,,,,
"es","es;q0.833;c0.250;t0.0200","-3.0530000000000005E-16","1","13","POffer2",0,,,,,,,,,,,,,,,,,,,,,,,,,,,,,,,,,,,,,,,,,,,,,,,,,,,,,,,,,,,,,
"es","es;q0.833;c0.250;t0.0200","-3.0530000000000005E-16","1","13","POffer3",0,,,,,,,,,,,,,,,,,,,,,,,,,,,,,,,,,,,,,,,,,,,,,,,,,,,,,,,,,,,,,
"es","es;q0.833;c0.250;t0.0200","-3.0530000000000005E-16","1","13","POffer4",0,,,,,,,,,,,,,,,,,,,,,,,,,,,,,,,,,,,,,,,,,,,,,,,,,,,,,,,,,,,,,
"es","es;q0.833;c0.250;t0.0200","-3.0530000000000005E-16","1","13","POffer5",0,,,,,,,,,,,,,,,,,,,,,,,,,,,,,,,,,,,,,,,,,,,,,,,,,,,,,,,,,,,,,
"es","es;q0.833;c0.250;t0.0200","-3.0530000000000005E-16","1","13","POffer6",0,,,,,,,,,,,,,,,,,,,,,,,,,,,,,,,,,,,,,,,,,,,,,,,,,,,,,,,,,,,,,
"es","es;q0.833;c0.250;t0.0200","-3.0530000000000005E-16","1","13","POffer7",0.9,0,0,1,0,0,0,0,0,0,0.65,0.65,0.0336111,0.183333,0.00416667,0.033611,0.183333,0.183333,0.183333,0.00934028,0.0791667,0.0791667,0.0791667,0.65,0.5,0.5,0.654167,0.654167,0.529167,0.220833,0.65,0.65,0.65,0.35,0.65,0.35,-0.05,-0.05,-0.5,0.833333,0.654167,0.666667,0.833333,0.833333,0.45,0.5,0.5,0.475,0.45,0.5,0.833333,0.5,1,0,0,0.5,0.5,0.833333,0.25,1,0,0.02
"es","es;q0.833;c0.250;t0.0200","-3.0530000000000005E-16","1","13","POffer8",0.1,0,0,0,1,0,0,0,0,0,0.75,0.65,0.002934,0.0541667,0,0.00809,0.0741667,0.179167,0.0825,0,0,0.125,0.125,0.779167,0.5,0.5,0.779167,0.779167,0.654167,0.0958333,0.779167,,0.654167,0.0958333,0.654167,0.0958333,-0.05,-0.05,-0.5,0.833333,0.779167,0.666667,0.833333,0.833333,0.95,0.5,0.5,0.725,0.95,0.5,0.833333,0.5,1,0,0,0.5,0.5,0.833333,0.25,1,0,0.02
"es","es;q0.833;c0.250;t0.0200","-3.0530000000000005E-16","1","13","POffer9",0,,,,,,,,,,,,,,,,,,,,,,,,,,,,,,,,,,,,,,,,,,,,,,,,,,,,,,,,,,,,,
"es","es;q0.833;c0.250;t0.0200","-3.0530000000000005E-16","1","13","POffer10",0,,,,,,,,,,,,,,,,,,,,,,,,,,,,,,,,,,,,,,,,,,,,,,,,,,,,,,,,,,,,,
"es","es;q0.833;c0.250;t0.0200","-3.0530000000000005E-16","1","13","DOffer1",0,,,,,,,,,,,,,,,,,,,,,,,,,,,,,,,,,,,,,,,,,,,,,,,,,,,,,,,,,,,,,
"es","es;q0.833;c0.250;t0.0200","-3.0530000000000005E-16","1","13","DOffer2",0,,,,,,,,,,,,,,,,,,,,,,,,,,,,,,,,,,,,,,,,,,,,,,,,,,,,,,,,,,,,,
"es","es;q0.833;c0.250;t0.0200","-3.0530000000000005E-16","1","13","DOffer3",0,,,,,,,,,,,,,,,,,,,,,,,,,,,,,,,,,,,,,,,,,,,,,,,,,,,,,,,,,,,,,
"es","es;q0.833;c0.250;t0.0200","-3.0530000000000005E-16","1","13","DOffer4",0,,,,,,,,,,,,,,,,,,,,,,,,,,,,,,,,,,,,,,,,,,,,,,,,,,,,,,,,,,,,,
"es","es;q0.833;c0.250;t0.0200","-3.0530000000000005E-16","1","13","DOffer5",0,,,,,,,,,,,,,,,,,,,,,,,,,,,,,,,,,,,,,,,,,,,,,,,,,,,,,,,,,,,,,
"es","es;q0.833;c0.250;t0.0200","-3.0530000000000005E-16","1","13","DOffer6",0,,,,,,,,,,,,,,,,,,,,,,,,,,,,,,,,,,,,,,,,,,,,,,,,,,,,,,,,,,,,,
"es","es;q0.833;c0.250;t0.0200","-3.0530000000000005E-16","1","13","DOffer7",1,0,0,0.9,0.1,0,0,0,0,0,0.66,0.65,0.0290418,0.170417,0.00375,0.031059,0.172417,0.182917,0.17325,0.00840625,0.07125,0.08375,0.08375,0.662917,0.5,0.5,0.666667,0.666667,0.541667,0.208333,0.662917,0.65,0.650417,0.324583,0.650417,0.324583,-0.05,-0.05,-0.5,0.833333,0.666667,0.666667,0.833333,0.833333,0.5,0.5,0.5,0.5,0.5,0.5,0.833333,0.5,1,0,0,0.5,0.5,0.833333,0.25,1,0,0.02
"es","es;q0.833;c0.250;t0.0200","-3.0530000000000005E-16","1","13","DOffer8",0,,,,,,,,,,,,,,,,,,,,,,,,,,,,,,,,,,,,,,,,,,,,,,,,,,,,,,,,,,,,,
"es","es;q0.833;c0.250;t0.0200","-3.0530000000000005E-16","1","13","DOffer9",0,,,,,,,,,,,,,,,,,,,,,,,,,,,,,,,,,,,,,,,,,,,,,,,,,,,,,,,,,,,,,
"es","es;q0.833;c0.250;t0.0200","-3.0530000000000005E-16","1","13","DOffer10",0,,,,,,,,,,,,,,,,,,,,,,,,,,,,,,,,,,,,,,,,,,,,,,,,,,,,,,,,,,,,,
"es","es;q0.833;c0.250;t0.0200","-3.0530000000000005E-16","1","13","QualitySum1",0,,,,,,,,,,,,,,,,,,,,,,,,,,,,,,,,,,,,,,,,,,,,,,,,,,,,,,,,,,,,,
"es","es;q0.833;c0.250;t0.0200","-3.0530000000000005E-16","1","13","QualitySum2",0,,,,,,,,,,,,,,,,,,,,,,,,,,,,,,,,,,,,,,,,,,,,,,,,,,,,,,,,,,,,,
"es","es;q0.833;c0.250;t0.0200","-3.0530000000000005E-16","1","13","QualitySum3",0,,,,,,,,,,,,,,,,,,,,,,,,,,,,,,,,,,,,,,,,,,,,,,,,,,,,,,,,,,,,,
"es","es;q0.833;c0.250;t0.0200","-3.0530000000000005E-16","1","13","QualitySum4",0,,,,,,,,,,,,,,,,,,,,,,,,,,,,,,,,,,,,,,,,,,,,,,,,,,,,,,,,,,,,,
"es","es;q0.833;c0.250;t0.0200","-3.0530000000000005E-16","1","13","QualitySum5",0,,,,,,,,,,,,,,,,,,,,,,,,,,,,,,,,,,,,,,,,,,,,,,,,,,,,,,,,,,,,,
"es","es;q0.833;c0.250;t0.0200","-3.0530000000000005E-16","1","13","QualitySum6",0,,,,,,,,,,,,,,,,,,,,,,,,,,,,,,,,,,,,,,,,,,,,,,,,,,,,,,,,,,,,,
"es","es;q0.833;c0.250;t0.0200","-3.0530000000000005E-16","1","13","QualitySum7",0,,,,,,,,,,,,,,,,,,,,,,,,,,,,,,,,,,,,,,,,,,,,,,,,,,,,,,,,,,,,,
"es","es;q0.833;c0.250;t0.0200","-3.0530000000000005E-16","1","13","QualitySum8",0,,,,,,,,,,,,,,,,,,,,,,,,,,,,,,,,,,,,,,,,,,,,,,,,,,,,,,,,,,,,,
"es","es;q0.833;c0.250;t0.0200","-3.0530000000000005E-16","1","13","QualitySum9",0,,,,,,,,,,,,,,,,,,,,,,,,,,,,,,,,,,,,,,,,,,,,,,,,,,,,,,,,,,,,,
"es","es;q0.833;c0.250;t0.0200","-3.0530000000000005E-16","1","13","QualitySum10",0,,,,,,,,,,,,,,,,,,,,,,,,,,,,,,,,,,,,,,,,,,,,,,,,,,,,,,,,,,,,,
"es","es;q0.833;c0.250;t0.0200","-3.0530000000000005E-16","1","13","QualitySum11",0,,,,,,,,,,,,,,,,,,,,,,,,,,,,,,,,,,,,,,,,,,,,,,,,,,,,,,,,,,,,,
"es","es;q0.833;c0.250;t0.0200","-3.0530000000000005E-16","1","13","QualitySum12",0,,,,,,,,,,,,,,,,,,,,,,,,,,,,,,,,,,,,,,,,,,,,,,,,,,,,,,,,,,,,,
"es","es;q0.833;c0.250;t0.0200","-3.0530000000000005E-16","1","13","QualitySum13",0,,,,,,,,,,,,,,,,,,,,,,,,,,,,,,,,,,,,,,,,,,,,,,,,,,,,,,,,,,,,,
"es","es;q0.833;c0.250;t0.0200","-3.0530000000000005E-16","1","13","QualitySum14",0,,,,,,,,,,,,,,,,,,,,,,,,,,,,,,,,,,,,,,,,,,,,,,,,,,,,,,,,,,,,,
"es","es;q0.833;c0.250;t0.0200","-3.0530000000000005E-16","1","13","QualitySum15",0,,,,,,,,,,,,,,,,,,,,,,,,,,,,,,,,,,,,,,,,,,,,,,,,,,,,,,,,,,,,,
"es","es;q0.833;c0.250;t0.0200","-3.0530000000000005E-16","1","13","QualitySum16",0,,,,,,,,,,,,,,,,,,,,,,,,,,,,,,,,,,,,,,,,,,,,,,,,,,,,,,,,,,,,,
"es","es;q0.833;c0.250;t0.0200","-3.0530000000000005E-16","1","13","QualitySum17",1,0,0,0.9,0.1,0,0,0,0,0,0.66,0.65,0.0290418,0.170417,0.00375,0.031059,0.172417,0.182917,0.17325,0.00840625,0.07125,0.08375,0.08375,0.662917,0.5,0.5,0.666667,0.666667,0.541667,0.208333,0.662917,0.65,0.650417,0.324583,0.650417,0.324583,-0.05,-0.05,-0.5,0.833333,0.666667,0.666667,0.833333,0.833333,0.5,0.5,0.5,0.5,0.5,0.5,0.833333,0.5,1,0,0,0.5,0.5,0.833333,0.25,1,0,0.02
"es","es;q0.833;c0.250;t0.0200","-3.0530000000000005E-16","1","13","QualitySum18",0,,,,,,,,,,,,,,,,,,,,,,,,,,,,,,,,,,,,,,,,,,,,,,,,,,,,,,,,,,,,,
"es","es;q0.833;c0.250;t0.0200","-3.0530000000000005E-16","1","13","QualitySum19",0,,,,,,,,,,,,,,,,,,,,,,,,,,,,,,,,,,,,,,,,,,,,,,,,,,,,,,,,,,,,,
"es","es;q0.833;c0.250;t0.0200","-3.0530000000000005E-16","1","13","QualitySum20",0,,,,,,,,,,,,,,,,,,,,,,,,,,,,,,,,,,,,,,,,,,,,,,,,,,,,,,,,,,,,,
"es","es;q0.833;c0.250;t0.0200","-3.0530000000000005E-16","1","13","PBestGuess1",0,,,,,,,,,,,,,,,,,,,,,,,,,,,,,,,,,,,,,,,,,,,,,,,,,,,,,,,,,,,,,
"es","es;q0.833;c0.250;t0.0200","-3.0530000000000005E-16","1","13","PBestGuess2",0,,,,,,,,,,,,,,,,,,,,,,,,,,,,,,,,,,,,,,,,,,,,,,,,,,,,,,,,,,,,,
"es","es;q0.833;c0.250;t0.0200","-3.0530000000000005E-16","1","13","PBestGuess3",0,,,,,,,,,,,,,,,,,,,,,,,,,,,,,,,,,,,,,,,,,,,,,,,,,,,,,,,,,,,,,
"es","es;q0.833;c0.250;t0.0200","-3.0530000000000005E-16","1","13","PBestGuess4",0,,,,,,,,,,,,,,,,,,,,,,,,,,,,,,,,,,,,,,,,,,,,,,,,,,,,,,,,,,,,,
"es","es;q0.833;c0.250;t0.0200","-3.0530000000000005E-16","1","13","PBestGuess5",0,,,,,,,,,,,,,,,,,,,,,,,,,,,,,,,,,,,,,,,,,,,,,,,,,,,,,,,,,,,,,
"es","es;q0.833;c0.250;t0.0200","-3.0530000000000005E-16","1","13","PBestGuess6",0,,,,,,,,,,,,,,,,,,,,,,,,,,,,,,,,,,,,,,,,,,,,,,,,,,,,,,,,,,,,,
"es","es;q0.833;c0.250;t0.0200","-3.0530000000000005E-16","1","13","PBestGuess7",0,,,,,,,,,,,,,,,,,,,,,,,,,,,,,,,,,,,,,,,,,,,,,,,,,,,,,,,,,,,,,
"es","es;q0.833;c0.250;t0.0200","-3.0530000000000005E-16","1","13","PBestGuess8",0,,,,,,,,,,,,,,,,,,,,,,,,,,,,,,,,,,,,,,,,,,,,,,,,,,,,,,,,,,,,,
"es","es;q0.833;c0.250;t0.0200","-3.0530000000000005E-16","1","13","PBestGuess9",0,,,,,,,,,,,,,,,,,,,,,,,,,,,,,,,,,,,,,,,,,,,,,,,,,,,,,,,,,,,,,
"es","es;q0.833;c0.250;t0.0200","-3.0530000000000005E-16","1","13","PBestGuess10",0,,,,,,,,,,,,,,,,,,,,,,,,,,,,,,,,,,,,,,,,,,,,,,,,,,,,,,,,,,,,,
"es","es;q0.833;c0.250;t0.0200","-3.0530000000000005E-16","1","13","PBestGuess11",0,,,,,,,,,,,,,,,,,,,,,,,,,,,,,,,,,,,,,,,,,,,,,,,,,,,,,,,,,,,,,
"es","es;q0.833;c0.250;t0.0200","-3.0530000000000005E-16","1","13","PBestGuess12",0.2,0,0,1,0,0,0,0,0,0,0.65,0.65,0.0336111,0.183333,0.0833333,0.033611,0.183333,0.183333,0.183333,0.0122569,0.0908333,0.0908333,0.0908333,0.65,0.5,0.5,0.566667,0.566667,0.441667,0.308333,0.65,0.65,0.65,0.35,0.65,0.35,-0.05,-0.05,-0.5,0.833333,0.566667,0.666667,0.833333,0.833333,0.1,0.5,0.5,0.3,0.1,0.5,0.833333,0.5,1,0,0,0.5,0.5,0.833333,0.25,1,0,0.02
"es","es;q0.833;c0.250;t0.0200","-3.0530000000000005E-16","1","13","PBestGuess13",0.2,0,0,1,0,0,0,0,0,0,0.65,0.65,0.0336111,0.183333,0.0333333,0.033611,0.183333,0.183333,0.183333,0.00642361,0.0675,0.0675,0.0675,0.65,0.5,0.5,0.616667,0.616667,0.491667,0.258333,0.65,0.65,0.65,0.35,0.65,0.35,-0.05,-0.05,-0.5,0.833333,0.616667,0.666667,0.833333,0.833333,0.3,0.5,0.5,0.4,0.3,0.5,0.833333,0.5,1,0,0,0.5,0.5,0.833333,0.25,1,0,0.02
"es","es;q0.833;c0.250;t0.0200","-3.0530000000000005E-16","1","13","PBestGuess14",0.2,0,0,1,0,0,0,0,0,0,0.65,0.65,0.0336111,0.183333,0.0166667,0.033611,0.183333,0.183333,0.183333,0.00559028,0.0641667,0.0641667,0.0641667,0.65,0.5,0.5,0.666667,0.666667,0.541667,0.208333,0.65,0.65,0.65,0.35,0.65,0.35,-0.05,-0.05,-0.5,0.833333,0.666667,0.666667,0.833333,0.833333,0.5,0.5,0.5,0.5,0.5,0.5,0.833333,0.5,1,0,0,0.5,0.5,0.833333,0.25,1,0,0.02
"es","es;q0.833;c0.250;t0.0200","-3.0530000000000005E-16","1","13","PBestGuess15",0.2,0,0,1,0,0,0,0,0,0,0.65,0.65,0.0336111,0.183333,0.0666667,0.033611,0.183333,0.183333,0.183333,0.00975694,0.0808333,0.0808333,0.0808333,0.65,0.5,0.5,0.716667,0.716667,0.591667,0.158333,0.65,0.65,0.65,0.35,0.65,0.35,-0.05,-0.05,-0.5,0.833333,0.716667,0.666667,0.833333,0.833333,0.7,0.5,0.5,0.6,0.7,0.5,0.833333,0.5,1,0,0,0.5,0.5,0.833333,0.25,1,0,0.02
"es","es;q0.833;c0.250;t0.0200","-3.0530000000000005E-16","1","13","PBestGuess16",0.2,0,0,0.5,0.5,0,0,0,0,0,0.7,0.65,0.0141016,0.11875,0.0520833,0.020851,0.12875,0.18125,0.132917,0.00800347,0.0529167,0.115417,0.115417,0.714583,0.5,0.5,0.766667,0.766667,0.641667,0.108333,0.714583,0.65,0.652083,0.222917,0.652083,0.222917,-0.05,-0.05,-0.5,0.833333,0.766667,0.666667,0.833333,0.833333,0.9,0.5,0.5,0.7,0.9,0.5,0.833333,0.5,1,0,0,0.5,0.5,0.833333,0.25,1,0,0.02
"es","es;q0.833;c0.250;t0.0200","-3.0530000000000005E-16","1","13","PBestGuess17",0,,,,,,,,,,,,,,,,,,,,,,,,,,,,,,,,,,,,,,,,,,,,,,,,,,,,,,,,,,,,,
"es","es;q0.833;c0.250;t0.0200","-3.0530000000000005E-16","1","13","PBestGuess18",0,,,,,,,,,,,,,,,,,,,,,,,,,,,,,,,,,,,,,,,,,,,,,,,,,,,,,,,,,,,,,
"es","es;q0.833;c0.250;t0.0200","-3.0530000000000005E-16","1","13","PBestGuess19",0,,,,,,,,,,,,,,,,,,,,,,,,,,,,,,,,,,,,,,,,,,,,,,,,,,,,,,,,,,,,,
"es","es;q0.833;c0.250;t0.0200","-3.0530000000000005E-16","1","13","PBestGuess20",0,,,,,,,,,,,,,,,,,,,,,,,,,,,,,,,,,,,,,,,,,,,,,,,,,,,,,,,,,,,,,
"es","es;q0.833;c0.250;t0.0200","-3.0530000000000005E-16","1","13","DBestGuess1",0,,,,,,,,,,,,,,,,,,,,,,,,,,,,,,,,,,,,,,,,,,,,,,,,,,,,,,,,,,,,,
"es","es;q0.833;c0.250;t0.0200","-3.0530000000000005E-16","1","13","DBestGuess2",0,,,,,,,,,,,,,,,,,,,,,,,,,,,,,,,,,,,,,,,,,,,,,,,,,,,,,,,,,,,,,
"es","es;q0.833;c0.250;t0.0200","-3.0530000000000005E-16","1","13","DBestGuess3",0,,,,,,,,,,,,,,,,,,,,,,,,,,,,,,,,,,,,,,,,,,,,,,,,,,,,,,,,,,,,,
"es","es;q0.833;c0.250;t0.0200","-3.0530000000000005E-16","1","13","DBestGuess4",0,,,,,,,,,,,,,,,,,,,,,,,,,,,,,,,,,,,,,,,,,,,,,,,,,,,,,,,,,,,,,
"es","es;q0.833;c0.250;t0.0200","-3.0530000000000005E-16","1","13","DBestGuess5",0,,,,,,,,,,,,,,,,,,,,,,,,,,,,,,,,,,,,,,,,,,,,,,,,,,,,,,,,,,,,,
"es","es;q0.833;c0.250;t0.0200","-3.0530000000000005E-16","1","13","DBestGuess6",0,,,,,,,,,,,,,,,,,,,,,,,,,,,,,,,,,,,,,,,,,,,,,,,,,,,,,,,,,,,,,
"es","es;q0.833;c0.250;t0.0200","-3.0530000000000005E-16","1","13","DBestGuess7",0,,,,,,,,,,,,,,,,,,,,,,,,,,,,,,,,,,,,,,,,,,,,,,,,,,,,,,,,,,,,,
"es","es;q0.833;c0.250;t0.0200","-3.0530000000000005E-16","1","13","DBestGuess8",0,,,,,,,,,,,,,,,,,,,,,,,,,,,,,,,,,,,,,,,,,,,,,,,,,,,,,,,,,,,,,
"es","es;q0.833;c0.250;t0.0200","-3.0530000000000005E-16","1","13","DBestGuess9",0,,,,,,,,,,,,,,,,,,,,,,,,,,,,,,,,,,,,,,,,,,,,,,,,,,,,,,,,,,,,,
"es","es;q0.833;c0.250;t0.0200","-3.0530000000000005E-16","1","13","DBestGuess10",0,,,,,,,,,,,,,,,,,,,,,,,,,,,,,,,,,,,,,,,,,,,,,,,,,,,,,,,,,,,,,
"es","es;q0.833;c0.250;t0.0200","-3.0530000000000005E-16","1","13","DBestGuess11",0,,,,,,,,,,,,,,,,,,,,,,,,,,,,,,,,,,,,,,,,,,,,,,,,,,,,,,,,,,,,,
"es","es;q0.833;c0.250;t0.0200","-3.0530000000000005E-16","1","13","DBestGuess12",0.2,0,0,0.9,0.1,0,0,0,0,0,0.66,0.65,0.0325502,0.180417,0.08625,0.032642,0.180417,0.192917,0.167917,0.0121563,0.0879167,0.100417,0.100417,0.652917,0.5,0.5,0.566667,0.566667,0.441667,0.308333,0.652917,0.65,0.640417,0.334583,0.640417,0.334583,-0.05,-0.05,-0.5,0.833333,0.666667,0.566667,0.833333,0.833333,0.5,0.1,0.5,0.3,0.5,0.1,0.833333,0.5,1,0,0,0.5,0.5,0.833333,0.25,1,0,0.02
"es","es;q0.833;c0.250;t0.0200","-3.0530000000000005E-16","1","13","DBestGuess13",0.2,0,0,0.9,0.1,0,0,0,0,0,0.66,0.65,0.030771,0.175417,0.04125,0.031351,0.175417,0.187917,0.167083,0.00578125,0.0595833,0.0720833,0.0720833,0.657917,0.5,0.5,0.616667,0.616667,0.491667,0.258333,0.657917,0.65,0.645417,0.329583,0.645417,0.329583,-0.05,-0.05,-0.5,0.833333,0.666667,0.616667,0.833333,0.833333,0.5,0.3,0.5,0.4,0.5,0.3,0.833333,0.5,1,0,0,0.5,0.5,0.833333,0.25,1,0,0.02
"es","es;q0.833;c0.250;t0.0200","-3.0530000000000005E-16","1","13","DBestGuess14",0.2,0,0,0.9,0.1,0,0,0,0,0,0.66,0.65,0.0290418,0.170417,0.00375,0.030559,0.170417,0.182917,0.172083,0.00390625,0.05125,0.06375,0.06375,0.662917,0.5,0.5,0.666667,0.666667,0.541667,0.208333,0.662917,0.65,0.650417,0.324583,0.650417,0.324583,-0.05,-0.05,-0.5,0.833333,0.666667,0.666667,0.833333,0.833333,0.5,0.5,0.5,0.5,0.5,0.5,0.833333,0.5,1,0,0,0.5,0.5,0.833333,0.25,1,0,0.02
"es","es;q0.833;c0.250;t0.0200","-3.0530000000000005E-16","1","13","DBestGuess15",0.2,0,0,0.9,0.1,0,0,0,0,0,0.66,0.65,0.0273627,0.165417,0.04875,0.030267,0.16625,0.177917,0.177083,0.00653125,0.0629167,0.0754167,0.0754167,0.667917,0.5,0.5,0.716667,0.716667,0.591667,0.158333,0.667917,0.65,0.655417,0.319583,0.655417,0.319583,-0.05,-0.05,-0.5,0.833333,0.666667,0.716667,0.833333,0.833333,0.5,0.7,0.5,0.6,0.5,0.7,0.833333,0.5,1,0,0,0.5,0.5,0.833333,0.25,1,0,0.02
"es","es;q0.833;c0.250;t0.0200","-3.0530000000000005E-16","1","13","DBestGuess16",0.2,0,0,0.9,0.1,0,0,0,0,0,0.66,0.65,0.0257335,0.160417,0.09375,0.030476,0.169583,0.172917,0.182083,0.0136562,0.0945833,0.107083,0.107083,0.672917,0.5,0.5,0.766667,0.766667,0.641667,0.108333,0.672917,0.65,0.660417,0.314583,0.660417,0.314583,-0.05,-0.05,-0.5,0.833333,0.666667,0.766667,0.833333,0.833333,0.5,0.9,0.5,0.7,0.5,0.9,0.833333,0.5,1,0,0,0.5,0.5,0.833333,0.25,1,0,0.02
"es","es;q0.833;c0.250;t0.0200","-3.0530000000000005E-16","1","13","DBestGuess17",0,,,,,,,,,,,,,,,,,,,,,,,,,,,,,,,,,,,,,,,,,,,,,,,,,,,,,,,,,,,,,
"es","es;q0.833;c0.250;t0.0200","-3.0530000000000005E-16","1","13","DBestGuess18",0,,,,,,,,,,,,,,,,,,,,,,,,,,,,,,,,,,,,,,,,,,,,,,,,,,,,,,,,,,,,,
"es","es;q0.833;c0.250;t0.0200","-3.0530000000000005E-16","1","13","DBestGuess19",0,,,,,,,,,,,,,,,,,,,,,,,,,,,,,,,,,,,,,,,,,,,,,,,,,,,,,,,,,,,,,
"es","es;q0.833;c0.250;t0.0200","-3.0530000000000005E-16","1","13","DBestGuess20",0,,,,,,,,,,,,,,,,,,,,,,,,,,,,,,,,,,,,,,,,,,,,,,,,,,,,,,,,,,,,,
