"OptionSet","Exploit","Refine","Filter","All","NoDispute","DisputeArises","LitigQuality","PFiles","DAnswers","PBargains1","DBargains1","POffer1","DOffer1","POfferMixedness1","DOfferMixedness1","Settles1","PBet1","DBet1","PBetMixedness1","DBetMixedness1","PAbandons1","DDefaults1","Trial","PWinPct","PWealth","DWealth","PWelfare","DWelfare","TotExpense","False+","False-","False+-","False+^2","False-^2","PDSWelfare","Chips","Settles","ValIfSettled","PAbandons","DDefaults","BothReadyToGiveUp","TrulyLiable","PrimaryAction","MutualOptimism","P Files","D Answers","PDoesntFile","DDoesntAnswer","SettlesBR1","PAbandonsBR1","DDefaultsBR1","P Loses","P Wins"
"FSA Costs Multiplier 4 Fee Shifting Multiplier 0 Risk Neutral","8.882000000000001E-16","1.278E-09","All",1,0,1,0.499992,0.60074,0.11111,1,1,0.299138,0.15,,,0.0799635,,,,,0.00842348,0.00705088,0.012062,0.541265,10.1493,9.40909,10.1493,9.40909,0.441585,0.165017,0.355245,0.520262,0.161602,0.283698,0,0,0.0799635,0.15,0.0102286,0.00885597,0.00361017,0.499991,0,-1.85688E-05,0.60074,0.11111,0.39926,0.48963,0.0799635,0.00842348,0.00705088,0.00553349,0.006529
"FSA Costs Multiplier 4 Fee Shifting Multiplier 0 Risk Neutral","8.882000000000001E-16","1.278E-09","NoDispute",0,0,0,,,,,,,,,,,,,,,,,,,,,,,,,,,,,,,,,,,,,,,,,,,,,,,
"FSA Costs Multiplier 4 Fee Shifting Multiplier 0 Risk Neutral","8.882000000000001E-16","1.278E-09","DisputeArises",1,0,1,0.499992,0.60074,0.11111,1,1,0.299138,0.15,,,0.0799635,,,,,0.00842348,0.00705088,0.012062,0.541265,10.1493,9.40909,10.1493,9.40909,0.441585,0.165017,0.355245,0.520262,0.161602,0.283698,0,0,0.0799635,0.15,0.0102286,0.00885597,0.00361017,0.499991,0,-1.85688E-05,0.60074,0.11111,0.39926,0.48963,0.0799635,0.00842348,0.00705088,0.00553349,0.006529
"FSA Costs Multiplier 4 Fee Shifting Multiplier 0 Risk Neutral","8.882000000000001E-16","1.278E-09","PFiles",0.6007,0,0.60074,0.67606,1,0.184956,1,1,0.299138,0.15,,,0.133108,,,,,0.0140218,0.011737,0.020079,0.541265,10.2486,9.01636,10.2486,9.01636,0.735069,0.274689,0.479664,0.754353,0.269005,0.360567,0,0,0.133108,0.15,0.0170266,0.0147418,0.00600953,0.72061,0,0.606564,1,0.184956,0,0.815044,0.133108,0.0140218,0.011737,0.00921112,0.0108683
"FSA Costs Multiplier 4 Fee Shifting Multiplier 0 Risk Neutral","8.882000000000001E-16","1.278E-09","DAnswers",0.1111,0,0.11111,0.384351,1,1,1,1,0.299138,0.15,,,0.719675,,,,,0.0758117,0.0634583,0.108563,0.541265,9.58128,9.08845,9.58128,9.08845,1.33028,0.635697,0.459059,1.09476,0.604965,0.668874,0,0,0.719675,0.15,0.0920575,0.0797042,0.0324917,0.33889,0,3.2798,1,1,0,0,0.719675,0.0758117,0.0634583,0.0498016,0.0587614
"FSA Costs Multiplier 4 Fee Shifting Multiplier 0 Risk Neutral","8.882000000000001E-16","1.278E-09","Litigated",0.1111,0,0.11111,0.384351,1,1,1,1,0.299138,0.15,,,0.719675,,,,,0.0758117,0.0634583,0.108563,0.541265,9.58128,9.08845,9.58128,9.08845,1.33028,0.635697,0.459059,1.09476,0.604965,0.668874,0,0,0.719675,0.15,0.0920575,0.0797042,0.0324917,0.33889,0,3.2798,1,1,0,0,0.719675,0.0758117,0.0634583,0.0498016,0.0587614
"FSA Costs Multiplier 4 Fee Shifting Multiplier 0 Risk Neutral","8.882000000000001E-16","1.278E-09","Not Litigated",0.8889,0,0.88889,0.514447,0.550833,0,1,1,,,,,0,,,,,0,0,0,,10.2203,9.44917,10.2203,9.44917,0.3305,0.106182,0.342268,0.44845,0.106182,0.235552,0,0,0,,0,0,0,0.520128,0,-0.409993,0.550833,0,0.449167,0.550833,0,0,0,0,0
"FSA Costs Multiplier 4 Fee Shifting Multiplier 0 Risk Neutral","8.882000000000001E-16","1.278E-09","Settles",0.08,0,0.0799635,0.334664,1,1,1,1,0.15,0.15,,,1,,,,,0,0,0,,9.55,9.25,9.55,9.25,1.2,0.547986,0.390561,0.938547,0.410989,0.566313,0,0,1,0.15,0,0,0,0.269352,0,2.69482,1,1,0,0,1,0,0,0,0
"FSA Costs Multiplier 4 Fee Shifting Multiplier 0 Risk Neutral","8.882000000000001E-16","1.278E-09","Tried",0.0121,0,0.0120625,0.528429,1,1,1,1,0.763818,0.15,,,0,,,,,0,0,1,0.541265,9.34127,8.25873,9.34127,8.25873,2.4,1.1997,0.827227,2.02693,1.7937,1.38285,0,0,0,,0,0,0,0.541562,0,5.69467,1,1,0,0,0,0,0,0.458735,0.541265
"FSA Costs Multiplier 4 Fee Shifting Multiplier 0 Risk Neutral","8.882000000000001E-16","1.278E-09","PWins",0.0065,0,0.00652901,0.615655,1,1,1,1,0.767591,0.15,,,0,,,,,0,0,1,1,9.8,7.8,9.8,7.8,2.4,1.52712,0.807462,2.33458,2.55219,0.968954,0,0,0,,0,0,0,0.672885,0,5.63978,1,1,0,0,0,0,0,0,1
"FSA Costs Multiplier 4 Fee Shifting Multiplier 0 Risk Neutral","8.882000000000001E-16","1.278E-09","DWins",0.0055,0,0.00553349,0.42551,1,1,1,1,0.759366,0.15,,,0,,,,,0,0,1,0,8.8,8.8,8.8,8.8,2.4,0.813387,0.850549,1.66394,0.898742,1.87121,0,0,0,,0,0,0,0.386613,0,5.75944,1,1,0,0,0,0,0,1,0
"FSA Costs Multiplier 4 Fee Shifting Multiplier 0 Risk Neutral","8.882000000000001E-16","1.278E-09","Abandoned",0.0191,0,0.0190845,0.501468,1,1,1,1,0.630318,0.15,,,0,,,,,0.441377,0.369456,0,,9.86404,8.93596,9.86404,8.93596,1.2,0.64672,0.513359,1.16008,0.666372,0.647328,0,0,0,,0.535961,0.464039,0.189167,0.502147,0,4.20451,1,1,0,0,0,0.441377,0.369456,0,0
"FSA Costs Multiplier 4 Fee Shifting Multiplier 0 Risk Neutral","8.882000000000001E-16","1.278E-09","Rounds1",0.1075,0,0.1075,0.380467,1,1,1,1,0.290714,0.15,,,0.743844,,,,,0.0783577,0.0655894,0.112209,0.541265,9.57058,9.09477,9.57058,9.09477,1.33465,0.633537,0.456005,1.08954,0.597744,0.666821,0,0,0.743844,0.15,0.0783577,0.0655894,0,0.333479,0,3.2892,1,1,0,0,0.743844,0.0783577,0.0655894,0.0514741,0.0607348
"FSA Costs Multiplier 4 Fee Shifting Multiplier 0 Risk Neutral","8.882000000000001E-16","1.278E-09","PrePrimary1",0,0,0,,,,,,,,,,,,,,,,,,,,,,,,,,,,,,,,,,,,,,,,,,,,,,,
"FSA Costs Multiplier 4 Fee Shifting Multiplier 0 Risk Neutral","8.882000000000001E-16","1.278E-09","PrePrimary2",0,0,0,,,,,,,,,,,,,,,,,,,,,,,,,,,,,,,,,,,,,,,,,,,,,,,
"FSA Costs Multiplier 4 Fee Shifting Multiplier 0 Risk Neutral","8.882000000000001E-16","1.278E-09","PrePrimary3",0,0,0,,,,,,,,,,,,,,,,,,,,,,,,,,,,,,,,,,,,,,,,,,,,,,,
"FSA Costs Multiplier 4 Fee Shifting Multiplier 0 Risk Neutral","8.882000000000001E-16","1.278E-09","PrePrimary4",0,0,0,,,,,,,,,,,,,,,,,,,,,,,,,,,,,,,,,,,,,,,,,,,,,,,
"FSA Costs Multiplier 4 Fee Shifting Multiplier 0 Risk Neutral","8.882000000000001E-16","1.278E-09","PrePrimary5",0,0,0,,,,,,,,,,,,,,,,,,,,,,,,,,,,,,,,,,,,,,,,,,,,,,,
"FSA Costs Multiplier 4 Fee Shifting Multiplier 0 Risk Neutral","8.882000000000001E-16","1.278E-09","PrePrimary6",0,0,0,,,,,,,,,,,,,,,,,,,,,,,,,,,,,,,,,,,,,,,,,,,,,,,
"FSA Costs Multiplier 4 Fee Shifting Multiplier 0 Risk Neutral","8.882000000000001E-16","1.278E-09","PrePrimary7",0,0,0,,,,,,,,,,,,,,,,,,,,,,,,,,,,,,,,,,,,,,,,,,,,,,,
"FSA Costs Multiplier 4 Fee Shifting Multiplier 0 Risk Neutral","8.882000000000001E-16","1.278E-09","PrePrimary8",0,0,0,,,,,,,,,,,,,,,,,,,,,,,,,,,,,,,,,,,,,,,,,,,,,,,
"FSA Costs Multiplier 4 Fee Shifting Multiplier 0 Risk Neutral","8.882000000000001E-16","1.278E-09","PrePrimary9",0,0,0,,,,,,,,,,,,,,,,,,,,,,,,,,,,,,,,,,,,,,,,,,,,,,,
"FSA Costs Multiplier 4 Fee Shifting Multiplier 0 Risk Neutral","8.882000000000001E-16","1.278E-09","PrePrimary10",0,0,0,,,,,,,,,,,,,,,,,,,,,,,,,,,,,,,,,,,,,,,,,,,,,,,
"FSA Costs Multiplier 4 Fee Shifting Multiplier 0 Risk Neutral","8.882000000000001E-16","1.278E-09","Truly Liable",0.5,0,0.499991,0.722392,0.865815,0.0753098,1,1,0.386065,0.15,,,0.0430775,,,,,0.00628956,0.00926704,0.013065,0.672516,10.2895,9.13015,10.2895,9.13015,0.580353,0.0180431,0.710503,0.728546,0.01681,0.567408,0,0,0.0430775,0.15,0.00809468,0.0110722,0.00361024,1,0,-4.93863E-05,0.865815,0.0753098,0.134185,0.790505,0.0430775,0.00628956,0.00926704,0.00427871,0.0087867
"FSA Costs Multiplier 4 Fee Shifting Multiplier 0 Risk Neutral","8.882000000000001E-16","1.278E-09","Truly Not Liable",0.5,0,0.500009,0.277601,0.335675,0.14691,1,1,0.254579,0.15,,,0.116848,,,,,0.0105573,0.00483481,0.01106,0.386216,10.0092,9.68801,10.0092,9.68801,0.302822,0.311985,0,0.311985,0.306389,0,0,0,0.116848,0.15,0.0123624,0.00663986,0.0036101,0,0,1.22476E-05,0.335675,0.14691,0.664325,0.188765,0.116848,0.0105573,0.00483481,0.00678821,0.0042714
"FSA Costs Multiplier 4 Fee Shifting Multiplier 0 Risk Neutral","8.882000000000001E-16","1.278E-09","AllCount",2480,0,2480,0.499992,1489.84,275.554,2480,2480,0.299138,0.15,,,198.309,,,,,20.8902,17.4862,29.915,259.807,10.1493,9.40909,10.1493,9.40909,0.441585,0.165017,0.355245,0.520262,0.161602,0.283698,0,0,198.309,0.15,25.3668,21.9628,8.95322,1239.98,0,-1.85688E-05,1489.84,275.554,990.165,1214.28,198.309,20.8902,17.4862,13.723,16.1919
"FSA Costs Multiplier 4 Fee Shifting Multiplier 0 Risk Neutral","8.882000000000001E-16","1.278E-09","Liability Strength1",0.1159,0,0.115877,0.05,0.0669067,0.0624302,1,1,0.17456,0.15,,,0.0590498,,,,,0.00228166,7.25706E-05,0.000826,0.0204164,9.97288,9.94852,9.97288,9.94852,0.0785928,0.0501787,0.026053,0.0762317,0.0392206,0.0271143,0,0,0.0590498,0.15,0.00238197,0.000172886,0.00020063,0.0253652,0,8.97708E-06,0.0669067,0.0624302,0.933093,0.00447653,0.0590498,0.00228166,7.25706E-05,0.00080869,1.6855E-5
"FSA Costs Multiplier 4 Fee Shifting Multiplier 0 Risk Neutral","8.882000000000001E-16","1.278E-09","Liability Strength2",0.1102,0,0.110239,0.15,0.136595,0.117937,1,1,0.190146,0.15,,,0.10778,,,,,0.00598813,0.000413461,0.002902,0.0517848,9.95212,9.89168,9.95212,9.89168,0.156202,0.102396,0.0579613,0.160357,0.0835778,0.0623369,0,0,0.10778,0.15,0.00641478,0.000840112,0.000853302,0.0553128,0,8.94245E-06,0.136595,0.117937,0.863405,0.0186583,0.10778,0.00598813,0.000413461,0.00275198,0.0001503
"FSA Costs Multiplier 4 Fee Shifting Multiplier 0 Risk Neutral","8.882000000000001E-16","1.278E-09","Liability Strength3",0.1002,0,0.100217,0.25,0.253321,0.189149,1,1,0.214944,0.15,,,0.163609,,,,,0.0126313,0.00182482,0.00831,0.118043,9.93593,9.78862,9.93593,9.78862,0.275455,0.18731,0.123853,0.311163,0.1636,0.138242,0,0,0.163609,0.15,0.0140184,0.00321193,0.00277423,0.116395,0,1.22897E-05,0.253321,0.189149,0.746679,0.064172,0.163609,0.0126313,0.00182482,0.00732947,0.000981
"FSA Costs Multiplier 4 Fee Shifting Multiplier 0 Risk Neutral","8.882000000000001E-16","1.278E-09","Liability Strength4",0.09,0,0.0900083,0.35,0.417686,0.243224,1,1,0.253126,0.15,,,0.192866,,,,,0.0199698,0.00582996,0.018138,0.235625,9.95521,9.62648,9.95521,9.62648,0.418312,0.29118,0.238844,0.530024,0.276189,0.271234,0,0,0.192866,0.15,0.0231797,0.00903992,0.00641991,0.228605,0,2.43395E-05,0.417686,0.243224,0.582314,0.174462,0.192866,0.0199698,0.00582996,0.0138646,0.0042739
"FSA Costs Multiplier 4 Fee Shifting Multiplier 0 Risk Neutral","8.882000000000001E-16","1.278E-09","Liability Strength5",0.0837,0,0.0836696,0.45,0.604921,0.238992,1,1,0.308813,0.15,,,0.165628,,,,,0.0222281,0.0127295,0.028464,0.404463,10.04,9.41954,10.04,9.41954,0.540504,0.359397,0.384033,0.74343,0.366041,0.419885,0,0,0.165628,0.15,0.0271994,0.0177008,0.00994265,0.400016,0,4.07355E-05,0.604921,0.238992,0.395079,0.365929,0.165628,0.0222281,0.0127295,0.0169511,0.0115125
"FSA Costs Multiplier 4 Fee Shifting Multiplier 0 Risk Neutral","8.882000000000001E-16","1.278E-09","Liability Strength6",0.0837,0,0.0836692,0.55,0.772899,0.175527,1,1,0.38352,0.15,,,0.0993819,,,,,0.016757,0.0184113,0.031035,0.595537,10.1718,9.22192,10.1718,9.22192,0.606297,0.334475,0.496917,0.831392,0.352727,0.481497,0,0,0.0993819,0.15,0.0217284,0.0233826,0.00994271,0.599984,0,3.58542E-05,0.772899,0.175527,0.227101,0.597372,0.0993819,0.016757,0.0184113,0.0125523,0.0184822
"FSA Costs Multiplier 4 Fee Shifting Multiplier 0 Risk Neutral","8.882000000000001E-16","1.278E-09","Liability Strength7",0.09,0,0.0900068,0.65,0.890477,0.0975289,1,1,0.472658,0.15,,,0.0413493,,,,,0.0085192,0.0177213,0.023519,0.764375,10.2897,9.08931,10.2897,9.08931,0.621027,0.235372,0.547951,0.783323,0.247473,0.441386,0,0,0.0413493,0.15,0.0117292,0.0209313,0.00642002,0.771395,0,-8.00279E-06,0.890477,0.0975289,0.109523,0.792948,0.0413493,0.0085192,0.0177213,0.00554169,0.0179774
"FSA Costs Multiplier 4 Fee Shifting Multiplier 0 Risk Neutral","8.882000000000001E-16","1.278E-09","Liability Strength8",0.1002,0,0.100213,0.75,0.955303,0.0426991,1,1,0.564657,0.15,,,0.0122684,,,,,0.00301274,0.0118133,0.01283,0.881957,10.3581,9.02772,10.3581,9.02772,0.614198,0.132433,0.567203,0.699636,0.136423,0.387611,0,0,0.0122684,0.15,0.0043999,0.0132005,0.00277433,0.883605,0,-6.53715E-05,0.955303,0.0426991,0.0446969,0.912604,0.0122684,0.00301274,0.0118133,0.00151452,0.0113157
"FSA Costs Multiplier 4 Fee Shifting Multiplier 0 Risk Neutral","8.882000000000001E-16","1.278E-09","Liability Strength9",0.1102,0,0.110233,0.85,0.984206,0.0155434,1,1,0.646067,0.15,,,0.00274087,,,,,0.00078435,0.00581726,0.005348,0.948215,10.3867,9.00708,10.3867,9.00708,0.606267,0.0642611,0.579418,0.643679,0.0649844,0.36301,0,0,0.00274087,0.15,0.00121103,0.00624394,0.000853351,0.944687,0,-9.99377E-05,0.984206,0.0155434,0.0157937,0.968663,0.00274087,0.00078435,0.00581726,0.00027692,0.0050707
"FSA Costs Multiplier 4 Fee Shifting Multiplier 0 Risk Neutral","8.882000000000001E-16","1.278E-09","Liability Strength10",0.1159,0,0.115867,0.95,0.995024,0.00495049,1,1,0.708908,0.15,,,0.00049194,,,,,0.000160694,0.00227499,0.001822,0.979584,10.3962,9.00163,10.3962,9.00163,0.602171,0.0288079,0.588485,0.617292,0.0288377,0.357409,0,0,0.00049194,0.15,0.000261018,0.00237531,0.000200647,0.974635,0,-0.000104755,0.995024,0.00495049,0.00497601,0.990073,0.00049194,0.000160694,0.00227499,3.72033E-5,0.001785
"FSA Costs Multiplier 4 Fee Shifting Multiplier 0 Risk Neutral","8.882000000000001E-16","1.278E-09","PLiabilitySignal1",0.0863,0,0.08626,0.149352,0,0,1,1,,,,,0,,,,,0,0,0,,10,10,10,10,0,0,0.0809518,0.0809518,0,0.0809518,0,0,0,,0,0,0,0.0809518,0,-1.88523,0,0,1,0,0,0,0,0,0
"FSA Costs Multiplier 4 Fee Shifting Multiplier 0 Risk Neutral","8.882000000000001E-16","1.278E-09","PLiabilitySignal2",0.102,0,0.10203,0.190383,0,0,1,1,,,,,0,,,,,0,0,0,,10,10,10,10,0,0,0.116849,0.116849,0,0.116849,0,0,0,,0,0,0,0.116849,0,-1.15786,0,0,1,0,0,0,0,0,0
"FSA Costs Multiplier 4 Fee Shifting Multiplier 0 Risk Neutral","8.882000000000001E-16","1.278E-09","PLiabilitySignal3",0.1068,0,0.10676,0.250256,0,0,1,1,,,,,0,,,,,0,0,0,,10,10,10,10,0,0,0.178836,0.178836,0,0.178836,0,0,0,,0,0,0,0.178836,0,-0.58081,0,0,1,0,0,0,0,0,0
"FSA Costs Multiplier 4 Fee Shifting Multiplier 0 Risk Neutral","8.882000000000001E-16","1.278E-09","PLiabilitySignal4",0.1042,0,0.10421,0.334236,0,0,1,1,,,,,0,,,,,0,0,0,,10,10,10,10,0,0,0.279183,0.279183,0,0.279183,0,0,0,,0,0,0,0.279183,0,-0.20768,0,0,1,0,0,0,0,0,0
"FSA Costs Multiplier 4 Fee Shifting Multiplier 0 Risk Neutral","8.882000000000001E-16","1.278E-09","PLiabilitySignal5",0.1008,0,0.10075,0.441376,1,0.44073,1,1,0.15,0.15,,,0.44073,,,,,0,0,0,,10.0254,9.11018,10.0254,9.11018,0.864438,0.494261,0.335828,0.830089,0.430092,0.322891,0,0,0.44073,0.15,0,0,0,0.42018,0,-0.03883,1,0.44073,0,0.55927,0.44073,0,0,0,0
"FSA Costs Multiplier 4 Fee Shifting Multiplier 0 Risk Neutral","8.882000000000001E-16","1.278E-09","PLiabilitySignal6",0.1008,0,0.10075,0.558629,1,0.2922,1,1,0.15,0.15,,,0.2922,,,,,0,0,0,,10.1516,9.07305,10.1516,9.07305,0.77532,0.369697,0.424648,0.794345,0.33184,0.366079,0,0,0.2922,0.15,0,0,0,0.579827,0,0.03874,1,0.2922,0,0.7078,0.2922,0,0,0,0
"FSA Costs Multiplier 4 Fee Shifting Multiplier 0 Risk Neutral","8.882000000000001E-16","1.278E-09","PLiabilitySignal7",0.1042,0,0.10421,0.665769,1,0.17421,1,1,0.41514,0.15,,,0.0587351,,,,,0.0808317,0,0,,10.2519,9.04355,10.2519,9.04355,0.704526,0.257199,0.491867,0.749067,0.242717,0.387037,0,0,0.0587351,0.15,0.0981533,0.0173216,0.0346432,0.720823,0,0.20759,1,0.17421,0,0.82579,0.0587351,0.0808317,0,0,0
"FSA Costs Multiplier 4 Fee Shifting Multiplier 0 Risk Neutral","8.882000000000001E-16","1.278E-09","PLiabilitySignal8",0.1068,0,0.10676,0.749734,1,0.09843,1,1,0.75,0.15,,,0,,,,,0,0.0338904,0.06454,0.481075,10.3278,8.93571,10.3278,8.93571,0.736505,0.243139,0.523021,0.76616,0.290236,0.368939,0,0,0,,0,0.0338904,0,0.821151,0,0.58099,1,0.09843,0,0.90157,0,0,0.0338904,0.0334912,0.0310484
"FSA Costs Multiplier 4 Fee Shifting Multiplier 0 Risk Neutral","8.882000000000001E-16","1.278E-09","PLiabilitySignal9",0.102,0,0.10203,0.809608,1,0.05598,1,1,0.75,0.15,,,0,,,,,0,0.021623,0.034357,0.589305,10.3653,8.95991,10.3653,8.95991,0.674816,0.156952,0.548141,0.705093,0.180166,0.360544,0,0,0,,0,0.021623,0,0.88314,0,1.15804,1,0.05598,0,0.94402,0,0,0.021623,0.0141103,0.0202468
"FSA Costs Multiplier 4 Fee Shifting Multiplier 0 Risk Neutral","8.882000000000001E-16","1.278E-09","PLiabilitySignal10",0.0862,0,0.08624,0.850648,1,0.03355,1,1,0.85,0.15,,,0,,,,,0,0.0142225,0.019327,0.689051,10.3824,8.97428,10.3824,8.97428,0.643323,0.106668,0.562538,0.669207,0.117999,0.355822,0,0,0,,0,0.0142225,0,0.919048,0,1.88523,1,0.03355,0,0.96645,0,0,0.0142225,0.00600986,0.0133176
"FSA Costs Multiplier 4 Fee Shifting Multiplier 0 Risk Neutral","8.882000000000001E-16","1.278E-09","DLiabilitySignal1",0.0863,0,0.0862637,0.149358,0.165394,0.165394,1,1,0.230611,0.15,,,0.138793,,,,,0.0137008,0,0.0129,0.350084,9.91836,9.86769,9.91836,9.86769,0.213954,0.110878,0.0949633,0.205841,0.093587,0.117409,0,0,0.138793,0.15,0.0137008,0,0,0.080957,0,1.88536,0.165394,0.165394,0.834606,0,0.138793,0.0137008,0,0.00838423,0.0045162
"FSA Costs Multiplier 4 Fee Shifting Multiplier 0 Risk Neutral","8.882000000000001E-16","1.278E-09","DLiabilitySignal2",0.102,0,0.102029,0.190386,0.216768,0.216768,1,1,0.257659,0.15,,,0.171387,,,,,0.0208183,0,0.024563,0.450399,9.89197,9.81843,9.89197,9.81843,0.289597,0.140973,0.142809,0.283782,0.126674,0.184721,0,0,0.171387,0.15,0.0208183,0,0,0.116854,0,1.15791,0.216768,0.216768,0.783232,0,0.171387,0.0208183,0,0.0134997,0.011063
"FSA Costs Multiplier 4 Fee Shifting Multiplier 0 Risk Neutral","8.882000000000001E-16","1.278E-09","DLiabilitySignal3",0.1068,0,0.106758,0.25026,0.296812,0.296812,1,1,0.295751,0.15,,,0.214986,,,,,0.0326296,0,0.049197,0.555402,9.85197,9.73282,9.85197,9.73282,0.415211,0.187873,0.227578,0.415451,0.183554,0.306558,0,0,0.214986,0.15,0.0326296,0,0,0.178843,0,0.580883,0.296812,0.296812,0.703188,0,0.214986,0.0326296,0,0.0218728,0.0273239
"FSA Costs Multiplier 4 Fee Shifting Multiplier 0 Risk Neutral","8.882000000000001E-16","1.278E-09","DLiabilitySignal4",0.1042,0,0.104208,0.334228,0.413011,0.413011,1,1,0.345664,0.15,,,0.2644,,,,,0.0156806,0.0676614,0.030625,0.65602,9.87855,9.58908,9.87855,9.58908,0.532363,0.255522,0.320366,0.575888,0.255493,0.403551,0,0,0.2644,0.15,0.0330024,0.0849833,0.0346438,0.279173,0,0.207545,0.413011,0.413011,0.586989,0,0.2644,0.0156806,0.0676614,0.0105344,0.0200907
"FSA Costs Multiplier 4 Fee Shifting Multiplier 0 Risk Neutral","8.882000000000001E-16","1.278E-09","DLiabilitySignal5",0.1008,0,0.100751,0.441373,0.559267,0,1,1,,,,,0,,,,,0,0,0,,10.2237,9.44073,10.2237,9.44073,0.33556,0.237586,0.291504,0.52909,0.237586,0.2143,0,0,0,,0,0,0,0.420176,0,0.0387763,0.559267,0,0.440733,0.559267,0,0,0,0,0
"FSA Costs Multiplier 4 Fee Shifting Multiplier 0 Risk Neutral","8.882000000000001E-16","1.278E-09","DLiabilitySignal6",0.1008,0,0.10075,0.558621,0.707779,0,1,1,,,,,0,,,,,0,0,0,,10.2831,9.29222,10.2831,9.29222,0.424667,0.218268,0.384011,0.602278,0.218268,0.266528,0,0,0,,0,0,0,0.579815,0,-0.0388902,0.707779,0,0.292221,0.707779,0,0,0,0,0
"FSA Costs Multiplier 4 Fee Shifting Multiplier 0 Risk Neutral","8.882000000000001E-16","1.278E-09","DLiabilitySignal7",0.1042,0,0.104206,0.665766,0.825784,0,1,1,,,,,0,,,,,0,0,0,,10.3303,9.17422,10.3303,9.17422,0.49547,0.176625,0.461157,0.637782,0.176625,0.305359,0,0,0,,0,0,0,0.72082,0,-0.207657,0.825784,0,0.174216,0.825784,0,0,0,0,0
"FSA Costs Multiplier 4 Fee Shifting Multiplier 0 Risk Neutral","8.882000000000001E-16","1.278E-09","DLiabilitySignal8",0.1068,0,0.106754,0.749735,0.901572,0,1,1,,,,,0,,,,,0,0,0,,10.3606,9.09843,10.3606,9.09843,0.540943,0.131759,0.513227,0.644987,0.131759,0.328472,0,0,0,,0,0,0,0.821152,0,-0.580993,0.901572,0,0.0984283,0.901572,0,0,0,0,0
"FSA Costs Multiplier 4 Fee Shifting Multiplier 0 Risk Neutral","8.882000000000001E-16","1.278E-09","DLiabilitySignal9",0.102,0,0.102024,0.80961,0.944027,0,1,1,,,,,0,,,,,0,0,0,,10.3776,9.05597,10.3776,9.05597,0.566416,0.0960835,0.543966,0.640049,0.0960835,0.34046,0,0,0,,0,0,0,0.883143,0,-1.15802,0.944027,0,0.0559732,0.944027,0,0,0,0,0
"FSA Costs Multiplier 4 Fee Shifting Multiplier 0 Risk Neutral","8.882000000000001E-16","1.278E-09","DLiabilitySignal10",0.0863,0,0.0862547,0.850647,0.966463,0,1,1,,,,,0,,,,,0,0,0,,10.3866,9.03354,10.3866,9.03354,0.579878,0.0716786,0.561136,0.632815,0.0716786,0.346388,0,0,0,,0,0,0,0.91905,0,-1.88533,0.966463,0,0.0335375,0.966463,0,0,0,0,0
"FSA Costs Multiplier 4 Fee Shifting Multiplier 0 Risk Neutral","8.882000000000001E-16","1.278E-09","MutOptLiability5",0.0266,0,0.0266096,0.499977,1,0.854126,1,1,0.586742,0.15,,,0.209114,,,,,0.124239,0.129004,0.391769,0.532337,9.67974,8.73766,9.67974,8.73766,1.5826,0.787002,0.565575,1.35258,0.979329,0.791902,0,0,0.209114,0.15,0.124239,0.129004,0,0.499967,0,5.48955,1,0.854126,0,0.145874,0.209114,0.124239,0.129004,0.183216,0.208553
"FSA Costs Multiplier 4 Fee Shifting Multiplier 0 Risk Neutral","8.882000000000001E-16","1.278E-09","MutOptLiability4",0.0376,0,0.0376172,0.499986,1,0.639734,1,1,0.338941,0.15,,,0.407413,,,,,0.0926034,0.0961832,0.043535,0.5981,9.91748,9.04644,9.91748,9.04644,1.03608,0.488665,0.429448,0.918113,0.463452,0.457683,0,0,0.407413,0.15,0.0926034,0.0961832,0,0.499983,0,4,1,0.639734,0,0.360266,0.407413,0.0926034,0.0961832,0.0174966,0.0260381
"FSA Costs Multiplier 4 Fee Shifting Multiplier 0 Risk Neutral","8.882000000000001E-16","1.278E-09","MutOptLiability3",0.0707,0,0.0707201,0.499992,0.822849,0.378791,1,1,0.228306,0.15,,,0.304637,,,,,0.0231058,0,0,,10.0216,9.25745,10.0216,9.25745,0.720984,0.288928,0.399742,0.68867,0.250355,0.385178,0,0,0.304637,0.15,0.0486302,0.0255244,0.0510487,0.499991,0,3,0.822849,0.378791,0.177151,0.444058,0.304637,0.0231058,0,0,0
"FSA Costs Multiplier 4 Fee Shifting Multiplier 0 Risk Neutral","8.882000000000001E-16","1.278E-09","MutOptLiability2",0.114,0,0.114034,0.499985,0.706937,0.206952,1,1,0.15,0.15,,,0.206952,,,,,0,0,0,,10.1069,9.3448,10.1069,9.3448,0.548334,0.199364,0.365787,0.56515,0.172595,0.309819,0,0,0.206952,0.15,0,0,0,0.499983,0,2,0.706937,0.206952,0.293063,0.499985,0.206952,0,0,0,0
"FSA Costs Multiplier 4 Fee Shifting Multiplier 0 Risk Neutral","8.882000000000001E-16","1.278E-09","MutOptLiability1",0.1576,0,0.157624,0.499989,0.629312,0.0883729,1,1,0.15,0.15,,,0.0883729,,,,,0,0,0,,10.1766,9.39278,10.1766,9.39278,0.430611,0.151839,0.338349,0.490188,0.140397,0.251827,0,0,0.0883729,0.15,0,0,0,0.499988,0,1,0.629312,0.0883729,0.370688,0.540939,0.0883729,0,0,0,0
"FSA Costs Multiplier 4 Fee Shifting Multiplier 0 Risk Neutral","8.882000000000001E-16","1.278E-09","MutOptLiability0",0.1868,0,0.186778,0.49999,0.574922,0,1,1,,,,,0,,,,,0,0,0,,10.23,9.42508,10.23,9.42508,0.344953,0.122069,0.318847,0.440916,0.122069,0.210162,0,0,0,,0,0,0,0.499988,0,0,0.574922,0,0.425078,0.574922,0,0,0,0,0
"FSA Costs Multiplier 4 Fee Shifting Multiplier 0 Risk Neutral","8.882000000000001E-16","1.278E-09","MutOptLiability-1",0.1576,0,0.157627,0.499994,0.540942,0,1,1,,,,,0,,,,,0,0,0,,10.2164,9.45906,10.2164,9.45906,0.324565,0.10607,0.326044,0.432114,0.10607,0.221675,0,0,0,,0,0,0,0.499993,0,-1,0.540942,0,0.459058,0.540942,0,0,0,0,0
"FSA Costs Multiplier 4 Fee Shifting Multiplier 0 Risk Neutral","8.882000000000001E-16","1.278E-09","MutOptLiability-2",0.114,0,0.114036,0.499995,0.499988,0,1,1,,,,,0,,,,,0,0,0,,10.2,9.50001,10.2,9.50001,0.299993,0.0922826,0.336911,0.429194,0.0922826,0.239062,0,0,0,,0,0,0,0.499994,0,-2,0.499988,0,0.500012,0.499988,0,0,0,0,0
"FSA Costs Multiplier 4 Fee Shifting Multiplier 0 Risk Neutral","8.882000000000001E-16","1.278E-09","MutOptLiability-3",0.0707,0,0.070724,0.499999,0.44406,0,1,1,,,,,0,,,,,0,0,0,,10.1776,9.55594,10.1776,9.55594,0.266436,0.0785546,0.353796,0.432351,0.0785546,0.266075,0,0,0,,0,0,0,0.499998,0,-3,0.44406,0,0.55594,0.44406,0,0,0,0,0
"FSA Costs Multiplier 4 Fee Shifting Multiplier 0 Risk Neutral","8.882000000000001E-16","1.278E-09","MutOptLiability-4",0.0376,0,0.0376199,0.500008,0.360312,0,1,1,,,,,0,,,,,0,0,0,,10.1441,9.63969,10.1441,9.63969,0.216187,0.0620501,0.380705,0.442755,0.0620501,0.309123,0,0,0,,0,0,0,0.50001,0,-4,0.360312,0,0.639688,0.360312,0,0,0,0,0
"FSA Costs Multiplier 4 Fee Shifting Multiplier 0 Risk Neutral","8.882000000000001E-16","1.278E-09","MutOptLiability-5",0.0266,0,0.0266091,0.500012,0.145962,0,1,1,,,,,0,,,,,0,0,0,,10.0584,9.85404,10.0584,9.85404,0.0875771,0.0247766,0.451542,0.476318,0.0247766,0.422457,0,0,0,,0,0,0,0.500016,0,-5.48925,0.145962,0,0.854038,0.145962,0,0,0,0,0
"FSA Costs Multiplier 4 Fee Shifting Multiplier 0 Risk Neutral","8.882000000000001E-16","1.278E-09","Truly Liable MutOptLiability5",0.0133,0,0.013304,0.640605,1,0.757759,1,1,0.684886,0.15,,,0.0851327,,,,,0.0699715,0.185365,0.417289,0.668058,9.86878,8.57582,9.86878,8.57582,1.5554,0.473451,1.13122,1.60467,0.473706,1.58391,0,0,0.0851327,0.15,0.0699715,0.185365,0,1,0,5.48952,1,0.757759,0,0.242241,0.0851327,0.0699715,0.185365,0.138516,0.278774
"FSA Costs Multiplier 4 Fee Shifting Multiplier 0 Risk Neutral","8.882000000000001E-16","1.278E-09","Truly Liable MutOptLiability4",0.0188,0,0.0188079,0.676362,1,0.403542,1,1,0.472501,0.15,,,0.161882,,,,,0.0742666,0.115236,0.052158,0.697746,10.1411,8.95421,10.1411,8.95421,0.904715,0.115966,0.858926,0.974892,0.0945216,0.915398,0,0,0.161882,0.15,0.0742666,0.115236,0,1,0,4,1,0.403542,0,0.596458,0.161882,0.0742666,0.115236,0.015765,0.0363932
"FSA Costs Multiplier 4 Fee Shifting Multiplier 0 Risk Neutral","8.882000000000001E-16","1.278E-09","Truly Liable MutOptLiability3",0.0354,0,0.0353594,0.700226,0.967236,0.236229,1,1,0.275566,0.15,,,0.162073,,,,,0.0231062,0,0,,10.2005,9.07742,10.2005,9.07742,0.722079,0.0153149,0.799498,0.814813,0.00918893,0.770369,0,0,0.162073,0.15,0.048631,0.0255248,0.0510496,1,0,3,0.967236,0.236229,0.0327637,0.731008,0.162073,0.0231062,0,0,0
"FSA Costs Multiplier 4 Fee Shifting Multiplier 0 Risk Neutral","8.882000000000001E-16","1.278E-09","Truly Liable MutOptLiability2",0.057,0,0.0570152,0.721566,0.943794,0.128372,1,1,0.15,0.15,,,0.128372,,,,,0,0,0,,10.2684,9.0883,10.2684,9.0883,0.6433,0,0.731598,0.731598,0,0.619659,0,0,0.128372,0.15,0,0,0,1,0,2,0.943794,0.128372,0.0562058,0.815423,0.128372,0,0,0,0
"FSA Costs Multiplier 4 Fee Shifting Multiplier 0 Risk Neutral","8.882000000000001E-16","1.278E-09","Truly Liable MutOptLiability1",0.0788,0,0.0788101,0.739391,0.924459,0.0547031,1,1,0.15,0.15,,,0.0547031,,,,,0,0,0,,10.3233,9.08922,10.3233,9.08922,0.587497,0,0.676714,0.676714,0,0.503667,0,0,0.0547031,0.15,0,0,0,1,0,1,0.924459,0.0547031,0.0755414,0.869755,0.0547031,0,0,0,0
"FSA Costs Multiplier 4 Fee Shifting Multiplier 0 Risk Neutral","8.882000000000001E-16","1.278E-09","Truly Liable MutOptLiability0",0.0934,0,0.0933871,0.753321,0.905727,0,1,1,,,,,0,,,,,0,0,0,,10.3623,9.09427,10.3623,9.09427,0.543436,0,0.637709,0.637709,0,0.420334,0,0,0,,0,0,0,1,0,0,0.905727,0,0.0942726,0.905727,0,0,0,0,0
"FSA Costs Multiplier 4 Fee Shifting Multiplier 0 Risk Neutral","8.882000000000001E-16","1.278E-09","Truly Liable MutOptLiability-1",0.0788,0,0.0788123,0.739395,0.869757,0,1,1,,,,,0,,,,,0,0,0,,10.3479,9.13024,10.3479,9.13024,0.521854,0,0.652097,0.652097,0,0.443356,0,0,0,,0,0,0,1,0,-1,0.869757,0,0.130243,0.869757,0,0,0,0,0
"FSA Costs Multiplier 4 Fee Shifting Multiplier 0 Risk Neutral","8.882000000000001E-16","1.278E-09","Truly Liable MutOptLiability-2",0.057,0,0.0570174,0.721573,0.815421,0,1,1,,,,,0,,,,,0,0,0,,10.3262,9.18458,10.3262,9.18458,0.489253,0,0.673831,0.673831,0,0.47813,0,0,0,,0,0,0,1,0,-2,0.815421,0,0.184579,0.815421,0,0,0,0,0
"FSA Costs Multiplier 4 Fee Shifting Multiplier 0 Risk Neutral","8.882000000000001E-16","1.278E-09","Truly Liable MutOptLiability-3",0.0354,0,0.0353619,0.700235,0.731013,0,1,1,,,,,0,,,,,0,0,0,,10.2924,9.26899,10.2924,9.26899,0.438608,0,0.707595,0.707595,0,0.532152,0,0,0,,0,0,0,1,0,-3,0.731013,0,0.268987,0.731013,0,0,0,0,0
"FSA Costs Multiplier 4 Fee Shifting Multiplier 0 Risk Neutral","8.882000000000001E-16","1.278E-09","Truly Liable MutOptLiability-4",0.0188,0,0.0188103,0.67638,0.596512,0,1,1,,,,,0,,,,,0,0,0,,10.2386,9.40349,10.2386,9.40349,0.357907,0,0.761395,0.761395,0,0.618233,0,0,0,,0,0,0,1,0,-4,0.596512,0,0.403488,0.596512,0,0,0,0,0
"FSA Costs Multiplier 4 Fee Shifting Multiplier 0 Risk Neutral","8.882000000000001E-16","1.278E-09","Truly Liable MutOptLiability-5",0.0133,0,0.013305,0.640638,0.242363,0,1,1,,,,,0,,,,,0,0,0,,10.0969,9.75764,10.0969,9.75764,0.145418,0,0.903055,0.903055,0,0.844888,0,0,0,,0,0,0,1,0,-5.48919,0.242363,0,0.757637,0.242363,0,0,0,0,0
"FSA Costs Multiplier 4 Fee Shifting Multiplier 0 Risk Neutral","8.882000000000001E-16","1.278E-09","Truly Not Liable MutOptLiability5",0.0133,0,0.0133057,0.359367,1,0.95048,1,1,0.508508,0.15,,,0.333079,,,,,0.178499,0.0726495,0.366252,0.377723,9.49072,8.89949,9.49072,8.89949,1.60979,1.10051,0,1.10051,1.48489,0,0,0,0.333079,0.15,0.178499,0.0726495,0,0,0,5.48957,1,0.95048,0,0.0495202,0.333079,0.178499,0.0726495,0.22791,0.138342
"FSA Costs Multiplier 4 Fee Shifting Multiplier 0 Risk Neutral","8.882000000000001E-16","1.278E-09","Truly Not Liable MutOptLiability4",0.0188,0,0.0188092,0.323622,1,0.87591,1,1,0.277413,0.15,,,0.652927,,,,,0.110939,0.0771322,0.034912,0.44924,9.6939,9.13866,9.6939,9.13866,1.16744,0.861338,0,0.861338,0.832356,0,0,0,0.652927,0.15,0.110939,0.0771322,0,0,0,4,1,0.87591,0,0.12409,0.652927,0.110939,0.0771322,0.019228,0.0156838
"FSA Costs Multiplier 4 Fee Shifting Multiplier 0 Risk Neutral","8.882000000000001E-16","1.278E-09","Truly Not Liable MutOptLiability3",0.0354,0,0.0353607,0.299765,0.678467,0.521349,1,1,0.206893,0.15,,,0.447196,,,,,0.0231054,0,0,,9.84264,9.43747,9.84264,9.43747,0.71989,0.562531,0,0.562531,0.491513,0,0,0,0.447196,0.15,0.0486293,0.0255239,0.0510478,0,0,3,0.678467,0.521349,0.321533,0.157118,0.447196,0.0231054,0,0,0
"FSA Costs Multiplier 4 Fee Shifting Multiplier 0 Risk Neutral","8.882000000000001E-16","1.278E-09","Truly Not Liable MutOptLiability2",0.057,0,0.0570191,0.27842,0.470096,0.285528,1,1,0.15,0.15,,,0.285528,,,,,0,0,0,,9.94534,9.60129,9.94534,9.60129,0.453374,0.398714,0,0.398714,0.345177,0,0,0,0.285528,0.15,0,0,0,0,0,2,0.470096,0.285528,0.529904,0.184568,0.285528,0,0,0,0
"FSA Costs Multiplier 4 Fee Shifting Multiplier 0 Risk Neutral","8.882000000000001E-16","1.278E-09","Truly Not Liable MutOptLiability1",0.0788,0,0.0788139,0.260599,0.33418,0.122041,1,1,0.15,0.15,,,0.122041,,,,,0,0,0,,10.0299,9.69633,10.0299,9.69633,0.273733,0.30367,0,0.30367,0.280787,0,0,0,0.122041,0.15,0,0,0,0,0,1,0.33418,0.122041,0.66582,0.212139,0.122041,0,0,0,0
"FSA Costs Multiplier 4 Fee Shifting Multiplier 0 Risk Neutral","8.882000000000001E-16","1.278E-09","Truly Not Liable MutOptLiability0",0.0934,0,0.0933914,0.24667,0.244132,0,1,1,,,,,0,,,,,0,0,0,,10.0977,9.75587,10.0977,9.75587,0.146479,0.244132,0,0.244132,0.244132,0,0,0,0,,0,0,0,0,0,0,0.244132,0,0.755868,0.244132,0,0,0,0,0
"FSA Costs Multiplier 4 Fee Shifting Multiplier 0 Risk Neutral","8.882000000000001E-16","1.278E-09","Truly Not Liable MutOptLiability-1",0.0788,0,0.0788146,0.2606,0.212137,0,1,1,,,,,0,,,,,0,0,0,,10.0849,9.78786,10.0849,9.78786,0.127282,0.212137,0,0.212137,0.212137,0,0,0,0,,0,0,0,0,0,-1,0.212137,0,0.787863,0.212137,0,0,0,0,0
"FSA Costs Multiplier 4 Fee Shifting Multiplier 0 Risk Neutral","8.882000000000001E-16","1.278E-09","Truly Not Liable MutOptLiability-2",0.057,0,0.0570189,0.278423,0.184563,0,1,1,,,,,0,,,,,0,0,0,,10.0738,9.81544,10.0738,9.81544,0.110738,0.184563,0,0.184563,0.184563,0,0,0,0,,0,0,0,0,0,-2,0.184563,0,0.815437,0.184563,0,0,0,0,0
"FSA Costs Multiplier 4 Fee Shifting Multiplier 0 Risk Neutral","8.882000000000001E-16","1.278E-09","Truly Not Liable MutOptLiability-3",0.0354,0,0.0353621,0.299764,0.157109,0,1,1,,,,,0,,,,,0,0,0,,10.0628,9.84289,10.0628,9.84289,0.0942651,0.157109,0,0.157109,0.157109,0,0,0,0,,0,0,0,0,0,-3,0.157109,0,0.842891,0.157109,0,0,0,0,0
"FSA Costs Multiplier 4 Fee Shifting Multiplier 0 Risk Neutral","8.882000000000001E-16","1.278E-09","Truly Not Liable MutOptLiability-4",0.0188,0,0.0188096,0.323629,0.124103,0,1,1,,,,,0,,,,,0,0,0,,10.0496,9.8759,10.0496,9.8759,0.0744616,0.124103,0,0.124103,0.124103,0,0,0,0,,0,0,0,0,0,-4,0.124103,0,0.875897,0.124103,0,0,0,0,0
"FSA Costs Multiplier 4 Fee Shifting Multiplier 0 Risk Neutral","8.882000000000001E-16","1.278E-09","Truly Not Liable MutOptLiability-5",0.0133,0,0.0133041,0.359378,0.0495547,0,1,1,,,,,0,,,,,0,0,0,,10.0198,9.95045,10.0198,9.95045,0.0297328,0.0495547,0,0.0495547,0.0495547,0,0,0,0,,0,0,0,0,0,-5.48931,0.0495547,0,0.950445,0.0495547,0,0,0,0,0
"FSA Costs Multiplier 4 Fee Shifting Multiplier 0 Risk Neutral","8.882000000000001E-16","1.278E-09","High Quality",0.3263,0,0.326313,0.854797,0.979171,0.0201218,1,1,0.598503,0.15,,,0.00486831,,,,,0.00124726,0.00640093,0.006394,0.910557,10.3813,9.01148,10.3813,9.01148,0.607248,0.0726085,0.578886,0.651495,0.0740888,0.368576,0,0,0.00486831,0.15,0.00185303,0.00700669,0.00121154,0.936562,0,-9.10326E-05,0.979171,0.0201218,0.020829,0.959049,0.00486831,0.00124726,0.00640093,0.00057188,0.0058219
"FSA Costs Multiplier 4 Fee Shifting Multiplier 0 Risk Neutral","8.882000000000001E-16","1.278E-09","High Quality Liable MutOptLiability5",0.0057,0,0.00566071,0.816908,1,0.561942,1,1,0.777597,0.15,,,0.00612182,,,,,0.00910603,0.237606,0.309108,0.910913,10.1727,8.51922,10.1727,8.51922,1.3081,0.56629,0.757805,1.32409,0.656516,0.746176,0,0,0.00612182,0.15,0.00910603,0.237606,0,0.919125,0,5.39103,1,0.561942,0,0.438058,0.00612182,0.00910603,0.237606,0.0275375,0.281571
"FSA Costs Multiplier 4 Fee Shifting Multiplier 0 Risk Neutral","8.882000000000001E-16","1.278E-09","High Quality Liable MutOptLiability4",0.0101,0,0.0100852,0.832173,1,0.138229,1,1,0.665602,0.15,,,0.0136098,,,,,0.0175019,0.0737405,0.033377,0.908705,10.3479,8.92915,10.3479,8.92915,0.722989,0.153816,0.602867,0.756683,0.157035,0.431422,0,0,0.0136098,0.15,0.0175019,0.0737405,0,0.92638,0,4,1,0.138229,0,0.861771,0.0136098,0.0175019,0.0737405,0.00304711,0.0303295
"FSA Costs Multiplier 4 Fee Shifting Multiplier 0 Risk Neutral","8.882000000000001E-16","1.278E-09","High Quality Liable MutOptLiability3",0.0213,0,0.0212779,0.842878,0.999913,0.0499326,1,1,0.366208,0.15,,,0.022943,,,,,0.00840968,0,0,,10.3628,9.00733,10.3628,9.00733,0.629908,0.0730062,0.592362,0.665368,0.0710137,0.406493,0,0,0.022943,0.15,0.0176996,0.00928995,0.0185799,0.931303,0,3,0.999913,0.0499326,8.66842E-05,0.949981,0.022943,0.00840968,0,0,0
"FSA Costs Multiplier 4 Fee Shifting Multiplier 0 Risk Neutral","8.882000000000001E-16","1.278E-09","High Quality Liable MutOptLiability2",0.0374,0,0.0373617,0.85262,0.999736,0.0172666,1,1,0.15,0.15,,,0.0172666,,,,,0,0,0,,10.3852,9.00458,10.3852,9.00458,0.610201,0.0638535,0.57469,0.638544,0.0635253,0.364032,0,0,0.0172666,0.15,0,0,0,0.93568,0,2,0.999736,0.0172666,0.000264338,0.982469,0.0172666,0,0,0,0
"FSA Costs Multiplier 4 Fee Shifting Multiplier 0 Risk Neutral","8.882000000000001E-16","1.278E-09","High Quality Liable MutOptLiability1",0.0549,0,0.0548733,0.860981,0.999273,0.00516446,1,1,0.15,0.15,,,0.00516446,,,,,0,0,0,,10.3953,9.00202,10.3953,9.00202,0.602663,0.0604333,0.567805,0.628238,0.0603327,0.346646,0,0,0.00516446,0.15,0,0,0,0.939353,0,1,0.999273,0.00516446,0.000726885,0.994109,0.00516446,0,0,0,0
"FSA Costs Multiplier 4 Fee Shifting Multiplier 0 Risk Neutral","8.882000000000001E-16","1.278E-09","High Quality Liable MutOptLiability0",0.0678,0,0.0677849,0.867724,0.998121,0,1,1,,,,,0,,,,,0,0,0,,10.3992,9.00188,10.3992,9.00188,0.598873,0.0575414,0.566026,0.623567,0.0575414,0.340287,0,0,0,,0,0,0,0.942258,0,0,0.998121,0,0.00187888,0.998121,0,0,0,0,0
"FSA Costs Multiplier 4 Fee Shifting Multiplier 0 Risk Neutral","8.882000000000001E-16","1.278E-09","High Quality Liable MutOptLiability-1",0.0549,0,0.0548755,0.860983,0.994109,0,1,1,,,,,0,,,,,0,0,0,,10.3976,9.00589,10.3976,9.00589,0.596465,0.0600301,0.565723,0.625753,0.0600301,0.341544,0,0,0,,0,0,0,0.939354,0,-1,0.994109,0,0.00589116,0.994109,0,0,0,0,0
"FSA Costs Multiplier 4 Fee Shifting Multiplier 0 Risk Neutral","8.882000000000001E-16","1.278E-09","High Quality Liable MutOptLiability-2",0.0374,0,0.037364,0.852623,0.982469,0,1,1,,,,,0,,,,,0,0,0,,10.393,9.01753,10.393,9.01753,0.589481,0.0625394,0.567709,0.630248,0.0625394,0.346926,0,0,0,,0,0,0,0.935681,0,-2,0.982469,0,0.0175314,0.982469,0,0,0,0,0
"FSA Costs Multiplier 4 Fee Shifting Multiplier 0 Risk Neutral","8.882000000000001E-16","1.278E-09","High Quality Liable MutOptLiability-3",0.0213,0,0.0212802,0.842882,0.949985,0,1,1,,,,,0,,,,,0,0,0,,10.38,9.05001,10.38,9.05001,0.569991,0.0637941,0.576828,0.640623,0.0637941,0.364143,0,0,0,,0,0,0,0.931305,0,-3,0.949985,0,0.0500148,0.949985,0,0,0,0,0
"FSA Costs Multiplier 4 Fee Shifting Multiplier 0 Risk Neutral","8.882000000000001E-16","1.278E-09","High Quality Liable MutOptLiability-4",0.0101,0,0.0100873,0.832178,0.861808,0,1,1,,,,,0,,,,,0,0,0,,10.3447,9.13819,10.3447,9.13819,0.517085,0.0606459,0.605917,0.666563,0.0606459,0.413639,0,0,0,,0,0,0,0.926382,0,-4,0.861808,0,0.138192,0.861808,0,0,0,0,0
"FSA Costs Multiplier 4 Fee Shifting Multiplier 0 Risk Neutral","8.882000000000001E-16","1.278E-09","High Quality Liable MutOptLiability-5",0.0057,0,0.00566232,0.816915,0.438187,0,1,1,,,,,0,,,,,0,0,0,,10.1753,9.56181,10.1753,9.56181,0.262912,0.0318461,0.756592,0.788439,0.0318461,0.659071,0,0,0,,0,0,0,0.919129,0,-5.39076,0.438187,0,0.561813,0.438187,0,0,0,0,0
"FSA Costs Multiplier 4 Fee Shifting Multiplier 0 Risk Neutral","8.882000000000001E-16","1.278E-09","PLiabilitySignal 1",0.0863,0,0.08626,0.149352,0,0,1,1,,,,,0,,,,,0,0,0,,10,10,10,10,0,0,0.0809518,0.0809518,0,0.0809518,0,0,0,,0,0,0,0.0809518,0,-1.88523,0,0,1,0,0,0,0,0,0
"FSA Costs Multiplier 4 Fee Shifting Multiplier 0 Risk Neutral","8.882000000000001E-16","1.278E-09","PLiabilitySignal 2",0.102,0,0.10203,0.190383,0,0,1,1,,,,,0,,,,,0,0,0,,10,10,10,10,0,0,0.116849,0.116849,0,0.116849,0,0,0,,0,0,0,0.116849,0,-1.15786,0,0,1,0,0,0,0,0,0
"FSA Costs Multiplier 4 Fee Shifting Multiplier 0 Risk Neutral","8.882000000000001E-16","1.278E-09","PLiabilitySignal 3",0.1068,0,0.10676,0.250256,0,0,1,1,,,,,0,,,,,0,0,0,,10,10,10,10,0,0,0.178836,0.178836,0,0.178836,0,0,0,,0,0,0,0.178836,0,-0.58081,0,0,1,0,0,0,0,0,0
"FSA Costs Multiplier 4 Fee Shifting Multiplier 0 Risk Neutral","8.882000000000001E-16","1.278E-09","PLiabilitySignal 4",0.1042,0,0.10421,0.334236,0,0,1,1,,,,,0,,,,,0,0,0,,10,10,10,10,0,0,0.279183,0.279183,0,0.279183,0,0,0,,0,0,0,0.279183,0,-0.20768,0,0,1,0,0,0,0,0,0
"FSA Costs Multiplier 4 Fee Shifting Multiplier 0 Risk Neutral","8.882000000000001E-16","1.278E-09","PLiabilitySignal 5",0.1008,0,0.10075,0.441376,1,0.44073,1,1,0.15,0.15,,,0.44073,,,,,0,0,0,,10.0254,9.11018,10.0254,9.11018,0.864438,0.494261,0.335828,0.830089,0.430092,0.322891,0,0,0.44073,0.15,0,0,0,0.42018,0,-0.03883,1,0.44073,0,0.55927,0.44073,0,0,0,0
"FSA Costs Multiplier 4 Fee Shifting Multiplier 0 Risk Neutral","8.882000000000001E-16","1.278E-09","PLiabilitySignal 6",0.1008,0,0.10075,0.558629,1,0.2922,1,1,0.15,0.15,,,0.2922,,,,,0,0,0,,10.1516,9.07305,10.1516,9.07305,0.77532,0.369697,0.424648,0.794345,0.33184,0.366079,0,0,0.2922,0.15,0,0,0,0.579827,0,0.03874,1,0.2922,0,0.7078,0.2922,0,0,0,0
"FSA Costs Multiplier 4 Fee Shifting Multiplier 0 Risk Neutral","8.882000000000001E-16","1.278E-09","PLiabilitySignal 7",0.1042,0,0.10421,0.665769,1,0.17421,1,1,0.41514,0.15,,,0.0587351,,,,,0.0808317,0,0,,10.2519,9.04355,10.2519,9.04355,0.704526,0.257199,0.491867,0.749067,0.242717,0.387037,0,0,0.0587351,0.15,0.0981533,0.0173216,0.0346432,0.720823,0,0.20759,1,0.17421,0,0.82579,0.0587351,0.0808317,0,0,0
"FSA Costs Multiplier 4 Fee Shifting Multiplier 0 Risk Neutral","8.882000000000001E-16","1.278E-09","PLiabilitySignal 8",0.1068,0,0.10676,0.749734,1,0.09843,1,1,0.75,0.15,,,0,,,,,0,0.0338904,0.06454,0.481075,10.3278,8.93571,10.3278,8.93571,0.736505,0.243139,0.523021,0.76616,0.290236,0.368939,0,0,0,,0,0.0338904,0,0.821151,0,0.58099,1,0.09843,0,0.90157,0,0,0.0338904,0.0334912,0.0310484
"FSA Costs Multiplier 4 Fee Shifting Multiplier 0 Risk Neutral","8.882000000000001E-16","1.278E-09","PLiabilitySignal 9",0.102,0,0.10203,0.809608,1,0.05598,1,1,0.75,0.15,,,0,,,,,0,0.021623,0.034357,0.589305,10.3653,8.95991,10.3653,8.95991,0.674816,0.156952,0.548141,0.705093,0.180166,0.360544,0,0,0,,0,0.021623,0,0.88314,0,1.15804,1,0.05598,0,0.94402,0,0,0.021623,0.0141103,0.0202468
"FSA Costs Multiplier 4 Fee Shifting Multiplier 0 Risk Neutral","8.882000000000001E-16","1.278E-09","PLiabilitySignal 10",0.0862,0,0.08624,0.850648,1,0.03355,1,1,0.85,0.15,,,0,,,,,0,0.0142225,0.019327,0.689051,10.3824,8.97428,10.3824,8.97428,0.643323,0.106668,0.562538,0.669207,0.117999,0.355822,0,0,0,,0,0.0142225,0,0.919048,0,1.88523,1,0.03355,0,0.96645,0,0,0.0142225,0.00600986,0.0133176
"FSA Costs Multiplier 4 Fee Shifting Multiplier 0 Risk Neutral","8.882000000000001E-16","1.278E-09","DLiabilitySignal 1",0.0863,0,0.0862637,0.149358,0.165394,0.165394,1,1,0.230611,0.15,,,0.138793,,,,,0.0137008,0,0.0129,0.350084,9.91836,9.86769,9.91836,9.86769,0.213954,0.110878,0.0949633,0.205841,0.093587,0.117409,0,0,0.138793,0.15,0.0137008,0,0,0.080957,0,1.88536,0.165394,0.165394,0.834606,0,0.138793,0.0137008,0,0.00838423,0.0045162
"FSA Costs Multiplier 4 Fee Shifting Multiplier 0 Risk Neutral","8.882000000000001E-16","1.278E-09","DLiabilitySignal 2",0.102,0,0.102029,0.190386,0.216768,0.216768,1,1,0.257659,0.15,,,0.171387,,,,,0.0208183,0,0.024563,0.450399,9.89197,9.81843,9.89197,9.81843,0.289597,0.140973,0.142809,0.283782,0.126674,0.184721,0,0,0.171387,0.15,0.0208183,0,0,0.116854,0,1.15791,0.216768,0.216768,0.783232,0,0.171387,0.0208183,0,0.0134997,0.011063
"FSA Costs Multiplier 4 Fee Shifting Multiplier 0 Risk Neutral","8.882000000000001E-16","1.278E-09","DLiabilitySignal 3",0.1068,0,0.106758,0.25026,0.296812,0.296812,1,1,0.295751,0.15,,,0.214986,,,,,0.0326296,0,0.049197,0.555402,9.85197,9.73282,9.85197,9.73282,0.415211,0.187873,0.227578,0.415451,0.183554,0.306558,0,0,0.214986,0.15,0.0326296,0,0,0.178843,0,0.580883,0.296812,0.296812,0.703188,0,0.214986,0.0326296,0,0.0218728,0.0273239
"FSA Costs Multiplier 4 Fee Shifting Multiplier 0 Risk Neutral","8.882000000000001E-16","1.278E-09","DLiabilitySignal 4",0.1042,0,0.104208,0.334228,0.413011,0.413011,1,1,0.345664,0.15,,,0.2644,,,,,0.0156806,0.0676614,0.030625,0.65602,9.87855,9.58908,9.87855,9.58908,0.532363,0.255522,0.320366,0.575888,0.255493,0.403551,0,0,0.2644,0.15,0.0330024,0.0849833,0.0346438,0.279173,0,0.207545,0.413011,0.413011,0.586989,0,0.2644,0.0156806,0.0676614,0.0105344,0.0200907
"FSA Costs Multiplier 4 Fee Shifting Multiplier 0 Risk Neutral","8.882000000000001E-16","1.278E-09","DLiabilitySignal 5",0.1008,0,0.100751,0.441373,0.559267,0,1,1,,,,,0,,,,,0,0,0,,10.2237,9.44073,10.2237,9.44073,0.33556,0.237586,0.291504,0.52909,0.237586,0.2143,0,0,0,,0,0,0,0.420176,0,0.0387763,0.559267,0,0.440733,0.559267,0,0,0,0,0
"FSA Costs Multiplier 4 Fee Shifting Multiplier 0 Risk Neutral","8.882000000000001E-16","1.278E-09","DLiabilitySignal 6",0.1008,0,0.10075,0.558621,0.707779,0,1,1,,,,,0,,,,,0,0,0,,10.2831,9.29222,10.2831,9.29222,0.424667,0.218268,0.384011,0.602278,0.218268,0.266528,0,0,0,,0,0,0,0.579815,0,-0.0388902,0.707779,0,0.292221,0.707779,0,0,0,0,0
"FSA Costs Multiplier 4 Fee Shifting Multiplier 0 Risk Neutral","8.882000000000001E-16","1.278E-09","DLiabilitySignal 7",0.1042,0,0.104206,0.665766,0.825784,0,1,1,,,,,0,,,,,0,0,0,,10.3303,9.17422,10.3303,9.17422,0.49547,0.176625,0.461157,0.637782,0.176625,0.305359,0,0,0,,0,0,0,0.72082,0,-0.207657,0.825784,0,0.174216,0.825784,0,0,0,0,0
"FSA Costs Multiplier 4 Fee Shifting Multiplier 0 Risk Neutral","8.882000000000001E-16","1.278E-09","DLiabilitySignal 8",0.1068,0,0.106754,0.749735,0.901572,0,1,1,,,,,0,,,,,0,0,0,,10.3606,9.09843,10.3606,9.09843,0.540943,0.131759,0.513227,0.644987,0.131759,0.328472,0,0,0,,0,0,0,0.821152,0,-0.580993,0.901572,0,0.0984283,0.901572,0,0,0,0,0
"FSA Costs Multiplier 4 Fee Shifting Multiplier 0 Risk Neutral","8.882000000000001E-16","1.278E-09","DLiabilitySignal 9",0.102,0,0.102024,0.80961,0.944027,0,1,1,,,,,0,,,,,0,0,0,,10.3776,9.05597,10.3776,9.05597,0.566416,0.0960835,0.543966,0.640049,0.0960835,0.34046,0,0,0,,0,0,0,0.883143,0,-1.15802,0.944027,0,0.0559732,0.944027,0,0,0,0,0
"FSA Costs Multiplier 4 Fee Shifting Multiplier 0 Risk Neutral","8.882000000000001E-16","1.278E-09","DLiabilitySignal 10",0.0863,0,0.0862547,0.850647,0.966463,0,1,1,,,,,0,,,,,0,0,0,,10.3866,9.03354,10.3866,9.03354,0.579878,0.0716786,0.561136,0.632815,0.0716786,0.346388,0,0,0,,0,0,0,0.91905,0,-1.88533,0.966463,0,0.0335375,0.966463,0,0,0,0,0
"FSA Costs Multiplier 4 Fee Shifting Multiplier 0 Risk Neutral","8.882000000000001E-16","1.278E-09","PDoesntFile",0.3993,0,0.39926,0.235075,0,0,1,1,,,,,0,,,,,0,0,0,,10,10,10,10,0,0,0.168039,0.168039,0,0.168039,0,0,0,,0,0,0,0.168039,0,-0.912704,0,0,1,0,0,0,0,0,0
"FSA Costs Multiplier 4 Fee Shifting Multiplier 0 Risk Neutral","8.882000000000001E-16","1.278E-09","P Files",0.6007,0,0.60074,0.67606,1,0.184956,1,1,0.299138,0.15,,,0.133108,,,,,0.0140218,0.011737,0.020079,0.541265,10.2486,9.01636,10.2486,9.01636,0.735069,0.274689,0.479664,0.754353,0.269005,0.360567,0,0,0.133108,0.15,0.0170266,0.0147418,0.00600953,0.72061,0,0.606564,1,0.184956,0,0.815044,0.133108,0.0140218,0.011737,0.00921112,0.0108683
"FSA Costs Multiplier 4 Fee Shifting Multiplier 0 Risk Neutral","8.882000000000001E-16","1.278E-09","DDoesntAnswer",0.4896,0,0.48963,0.742257,1,0,1,1,,,,,0,,,,,0,0,0,,10.4,9,10.4,9,0.6,0.192767,0.48434,0.677107,0.192767,0.290604,0,0,0,,0,0,0,0.807233,0,-6.66753E-05,1,0,0,1,0,0,0,0,0
"FSA Costs Multiplier 4 Fee Shifting Multiplier 0 Risk Neutral","8.882000000000001E-16","1.278E-09","D Answers",0.1111,0,0.11111,0.384351,1,1,1,1,0.299138,0.15,,,0.719675,,,,,0.0758117,0.0634583,0.108563,0.541265,9.58128,9.08845,9.58128,9.08845,1.33028,0.635697,0.459059,1.09476,0.604965,0.668874,0,0,0.719675,0.15,0.0920575,0.0797042,0.0324917,0.33889,0,3.2798,1,1,0,0,0.719675,0.0758117,0.0634583,0.0498016,0.0587614
"FSA Costs Multiplier 4 Fee Shifting Multiplier 0 Risk Neutral","8.882000000000001E-16","1.278E-09","Settles1",0.08,0,0.0799635,0.334664,1,1,1,1,0.15,0.15,,,1,,,,,0,0,0,,9.55,9.25,9.55,9.25,1.2,0.547986,0.390561,0.938547,0.410989,0.566313,0,0,1,0.15,0,0,0,0.269352,0,2.69482,1,1,0,0,1,0,0,0,0
"FSA Costs Multiplier 4 Fee Shifting Multiplier 0 Risk Neutral","8.882000000000001E-16","1.278E-09","DoesntSettle1",0.0311,0,0.031147,0.51191,1,1,1,1,0.682019,0.15,,,0,,,,,0.270442,0.226374,0.387276,0.541265,9.66158,8.67369,9.66158,8.67369,1.66473,0.860877,0.634912,1.49579,1.10296,0.932178,0,0,0,,0.328396,0.284328,0.115907,0.517412,0,4.78161,1,1,0,0,0,0.270442,0.226374,0.177657,0.209619
"FSA Costs Multiplier 4 Fee Shifting Multiplier 0 Risk Neutral","8.882000000000001E-16","1.278E-09","PAbandons1",0.0084,0,0.00842348,0.413355,1,1,1,1,0.55,0.15,,,0,,,,,1,0,0,,9.4,9.4,9.4,9.4,1.2,0.376003,0.597325,0.973328,0.225602,0.95572,0,0,0,,1,0,0,0.373328,0,4.33879,1,1,0,0,0,1,0,0,0
"FSA Costs Multiplier 4 Fee Shifting Multiplier 0 Risk Neutral","8.882000000000001E-16","1.278E-09","PDoesntAbandon1",0.0227,0,0.0227235,0.548443,1,1,1,1,0.730958,0.15,,,0,,,,,0,0.31029,0.530837,0.541265,9.75855,8.40445,9.75855,8.40445,1.837,1.04062,0.648846,1.68946,1.42819,0.92345,0,0,0,,0.0794367,0.389727,0.158873,0.570822,0,4.94576,1,1,0,0,0,0,0.31029,0.243513,0.287323
"FSA Costs Multiplier 4 Fee Shifting Multiplier 0 Risk Neutral","8.882000000000001E-16","1.278E-09","DDefaults1",0.0071,0,0.00705088,0.607487,1,1,1,1,0.767396,0.15,,,0,,,,,0,1,0,,10.4,8.4,10.4,8.4,1.2,0.942858,0.394285,1.33714,1.11429,0.236571,0,0,0,,0,1,0,0.657142,0,4.66081,1,1,0,0,0,0,1,0,0
"FSA Costs Multiplier 4 Fee Shifting Multiplier 0 Risk Neutral","8.882000000000001E-16","1.278E-09","DDoesntDefault1",0.0157,0,0.0156727,0.52188,1,1,1,1,0.714565,0.15,,,0,,,,,0,0,0.769652,0.541265,9.46997,8.40645,9.46997,8.40645,2.12358,1.0846,0.763368,1.84797,1.56941,1.23247,0,0,0,,0.115174,0.115174,0.230348,0.531988,0,5.07396,1,1,0,0,0,0,0,0.353066,0.416586
"FSA Costs Multiplier 4 Fee Shifting Multiplier 0 Risk Neutral","8.882000000000001E-16","1.278E-09","POrDQuits1",0.0155,0,0.0154744,0.501811,1,1,1,1,0.649056,0.15,,,0,,,,,0.54435,0.45565,0,,9.85565,8.94435,9.85565,8.94435,1.2,0.63429,0.50481,1.1391,0.630531,0.62804,0,0,0,,0.54435,0.45565,0,0.502648,0,4.48552,1,1,0,0,0,0.54435,0.45565,0,0
"FSA Costs Multiplier 4 Fee Shifting Multiplier 0 Risk Neutral","8.882000000000001E-16","1.278E-09","P Loses",0.0055,0,0.00553349,0.42551,1,1,1,1,0.759366,0.15,,,0,,,,,0,0,1,0,8.8,8.8,8.8,8.8,2.4,0.813387,0.850549,1.66394,0.898742,1.87121,0,0,0,,0,0,0,0.386613,0,5.75944,1,1,0,0,0,0,0,1,0
"FSA Costs Multiplier 4 Fee Shifting Multiplier 0 Risk Neutral","8.882000000000001E-16","1.278E-09","P Wins",0.0065,0,0.00652901,0.615655,1,1,1,1,0.767591,0.15,,,0,,,,,0,0,1,1,9.8,7.8,9.8,7.8,2.4,1.52712,0.807462,2.33458,2.55219,0.968954,0,0,0,,0,0,0,0.672885,0,5.63978,1,1,0,0,0,0,0,0,1
