"GroupName","OptionSet","Exploit","Refine","Seconds","Filter","All","PQuits","DQuits","Settles","Trial","Shifting","ShiftingOccursIfTrial","ShiftingValueIfTrial","PQuits","DQuits","POffer","DOffer","DMSAcc","DMSAccL1","DMSTrialRelAccL1","AccSq","Accuracy","Accuracy_ForPlaintiff","Accuracy_ForDefendant","TrialRelativeAccSq","TrialRelativeAccuracy","TrialRelativeAccuracy_ForPlaintiff","TrialRelativeAccuracy_ForDefendant","SettlementOrJudgment","DsProportionOfCost","DsProportionOfCostIfTrial","TrialValuePreShiftingIfOccurs","TrialValueWithShiftingIfOccurs","PTrialEffect_IfOccurs","DTrialEffect_IfOccurs","ResolutionValueIncludingShiftedAmount","SettlementValue","PWealth","DWealth","PWelfare","DWelfare","PQuality","DQuality","NQuality","QualitySum","PBestGuess","DBestGuess","QualitySum_PInfo","QualitySum_DInfo","PBias","DBias","NBias","BiasSum","BiasSum_PInfo","BiasSum_DInfo","Quality","Alpha_Quality","Alpha_Both_Quality","Alpha_Plaintiff_Quality","Alpha_Defendant_Quality","Alpha_Plaintiff_Bias","Alpha_Defendant_Bias","Evidence_Both_Quality","TrialCost","FeeShifting","FSMargin","FeeShiftingThreshold"
"pinfo25q","pinfo25q;q0.500;c0.000;t0.2900","4.718E-16","1","19","All",1,0,0,0,1,0.1,0.1,0,0,0,0.71,0.25,4.516E-34,2.12504E-17,0,0.012891,0.09675,0.09675,0.09675,0,0,0,0,0.5,0.45,0.45,0.5,0.5,0.5,0.5,0.5,,0.5,0.5,0.5,0.5,-0.05,-0.05,-0.5,0.5,0.5,0.5,0.5,0.5,0.5,0.5,0.5,0.5,0.5,0.5,0.5,0.5,1,0,0,0.25,0.75,0.5,0,1,0,0.29
"pinfo25q","pinfo25q;q0.500;c0.000;t0.2900","4.718E-16","1","19","PBias1",0.1,0,0,0,1,0.1,0.1,0,0,0,0.65,0.25,0.0031641,0.05625,0,0.014766,0.10125,0.10125,0.10125,0,0,0,0,0.44375,0.45,0.45,0.44375,0.44375,0.44375,0.55625,0.44375,,0.44375,0.55625,0.44375,0.55625,-0.05,-0.05,-0.5,0.5,0.44375,0.5,0.5,0.5,0.05,0.5,0.5,0.3875,0.05,0.5,0.5,0.5,1,0,0,0.25,0.75,0.5,0,1,0,0.29
"pinfo25q","pinfo25q;q0.500;c0.000;t0.2900","4.718E-16","1","19","PBias2",0.1,0,0,0,1,0.1,0.1,0,0,0,0.65,0.25,0.0019141,0.04375,0,0.013516,0.09875,0.09875,0.09875,0,0,0,0,0.45625,0.45,0.45,0.45625,0.45625,0.45625,0.54375,0.45625,,0.45625,0.54375,0.45625,0.54375,-0.05,-0.05,-0.5,0.5,0.45625,0.5,0.5,0.5,0.15,0.5,0.5,0.4125,0.15,0.5,0.5,0.5,1,0,0,0.25,0.75,0.5,0,1,0,0.29
"pinfo25q","pinfo25q;q0.500;c0.000;t0.2900","4.718E-16","1","19","PBias3",0.1,0,0,0,1,0.1,0.1,0,0,0,0.65,0.25,0.0009766,0.03125,0,0.012578,0.09625,0.09625,0.09625,0,0,0,0,0.46875,0.45,0.45,0.46875,0.46875,0.46875,0.53125,0.46875,,0.46875,0.53125,0.46875,0.53125,-0.05,-0.05,-0.5,0.5,0.46875,0.5,0.5,0.5,0.25,0.5,0.5,0.4375,0.25,0.5,0.5,0.5,1,0,0,0.25,0.75,0.5,0,1,0,0.29
"pinfo25q","pinfo25q;q0.500;c0.000;t0.2900","4.718E-16","1","19","PBias4",0.1,0,0,0,1,0.1,0.1,0,0,0,0.65,0.25,0.0003516,0.01875,0,0.011953,0.09375,0.09375,0.09375,0,0,0,0,0.48125,0.45,0.45,0.48125,0.48125,0.48125,0.51875,0.48125,,0.48125,0.51875,0.48125,0.51875,-0.05,-0.05,-0.5,0.5,0.48125,0.5,0.5,0.5,0.35,0.5,0.5,0.4625,0.35,0.5,0.5,0.5,1,0,0,0.25,0.75,0.5,0,1,0,0.29
"pinfo25q","pinfo25q;q0.500;c0.000;t0.2900","4.718E-16","1","19","PBias5",0.1,0,0,0,1,0.1,0.1,0,0,0,0.75,0.25,3.9063E-5,0.00625,0,0.011641,0.09375,0.09375,0.09375,0,0,0,0,0.49375,0.45,0.45,0.49375,0.49375,0.49375,0.50625,0.49375,,0.49375,0.50625,0.49375,0.50625,-0.05,-0.05,-0.5,0.5,0.49375,0.5,0.5,0.5,0.45,0.5,0.5,0.4875,0.45,0.5,0.5,0.5,1,0,0,0.25,0.75,0.5,0,1,0,0.29
"pinfo25q","pinfo25q;q0.500;c0.000;t0.2900","4.718E-16","1","19","PBias6",0.1,0,0,0,1,0.1,0.1,0,0,0,0.75,0.25,3.9062E-5,0.00625,0,0.011641,0.09375,0.09375,0.09375,0,0,0,0,0.50625,0.45,0.45,0.50625,0.50625,0.50625,0.49375,0.50625,,0.50625,0.49375,0.50625,0.49375,-0.05,-0.05,-0.5,0.5,0.50625,0.5,0.5,0.5,0.55,0.5,0.5,0.5125,0.55,0.5,0.5,0.5,1,0,0,0.25,0.75,0.5,0,1,0,0.29
"pinfo25q","pinfo25q;q0.500;c0.000;t0.2900","4.718E-16","1","19","PBias7",0.1,0,0,0,1,0.1,0.1,0,0,0,0.75,0.25,0.0003516,0.01875,0,0.011953,0.09375,0.09375,0.09375,0,0,0,0,0.51875,0.45,0.45,0.51875,0.51875,0.51875,0.48125,0.51875,,0.51875,0.48125,0.51875,0.48125,-0.05,-0.05,-0.5,0.5,0.51875,0.5,0.5,0.5,0.65,0.5,0.5,0.5375,0.65,0.5,0.5,0.5,1,0,0,0.25,0.75,0.5,0,1,0,0.29
"pinfo25q","pinfo25q;q0.500;c0.000;t0.2900","4.718E-16","1","19","PBias8",0.1,0,0,0,1,0.1,0.1,0,0,0,0.75,0.25,0.0009766,0.03125,0,0.012578,0.09625,0.09625,0.09625,0,0,0,0,0.53125,0.45,0.45,0.53125,0.53125,0.53125,0.46875,0.53125,,0.53125,0.46875,0.53125,0.46875,-0.05,-0.05,-0.5,0.5,0.53125,0.5,0.5,0.5,0.75,0.5,0.5,0.5625,0.75,0.5,0.5,0.5,1,0,0,0.25,0.75,0.5,0,1,0,0.29
"pinfo25q","pinfo25q;q0.500;c0.000;t0.2900","4.718E-16","1","19","PBias9",0.1,0,0,0,1,0.1,0.1,0,0,0,0.75,0.25,0.0019141,0.04375,0,0.013516,0.09875,0.09875,0.09875,0,0,0,0,0.54375,0.45,0.45,0.54375,0.54375,0.54375,0.45625,0.54375,,0.54375,0.45625,0.54375,0.45625,-0.05,-0.05,-0.5,0.5,0.54375,0.5,0.5,0.5,0.85,0.5,0.5,0.5875,0.85,0.5,0.5,0.5,1,0,0,0.25,0.75,0.5,0,1,0,0.29
"pinfo25q","pinfo25q;q0.500;c0.000;t0.2900","4.718E-16","1","19","PBias10",0.1,0,0,0,1,0.1,0.1,0,0,0,0.75,0.25,0.0031641,0.05625,0,0.014766,0.10125,0.10125,0.10125,0,0,0,0,0.55625,0.45,0.45,0.55625,0.55625,0.55625,0.44375,0.55625,,0.55625,0.44375,0.55625,0.44375,-0.05,-0.05,-0.5,0.5,0.55625,0.5,0.5,0.5,0.95,0.5,0.5,0.6125,0.95,0.5,0.5,0.5,1,0,0,0.25,0.75,0.5,0,1,0,0.29
"pinfo25q","pinfo25q;q0.500;c0.000;t0.2900","4.718E-16","1","19","DBias1",0.1,0,0,0,1,1,1,0,0,0,0.71,0.15,0.0284766,0.16875,0,0.029766,0.16875,0.16875,0.16875,0,0,0,0,0.33125,0,0,0.33125,0.33125,0.33125,0.66875,0.33125,,0.33125,0.66875,0.33125,0.66875,-0.05,-0.05,-0.5,0.5,0.5,0.33125,0.5,0.5,0.5,0.05,0.5,0.1625,0.5,0.05,0.5,0.5,1,0,0,0.25,0.75,0.5,0,1,0,0.29
"pinfo25q","pinfo25q;q0.500;c0.000;t0.2900","4.718E-16","1","19","DBias2",0.1,0,0,0,1,0,0,0,0,0,0.71,0.15,0.0172266,0.13125,0,0.018516,0.13125,0.13125,0.13125,0,0,0,0,0.36875,0.5,0.5,0.36875,0.36875,0.36875,0.63125,0.36875,,0.36875,0.63125,0.36875,0.63125,-0.05,-0.05,-0.5,0.5,0.5,0.36875,0.5,0.5,0.5,0.15,0.5,0.2375,0.5,0.15,0.5,0.5,1,0,0,0.25,0.75,0.5,0,1,0,0.29
"pinfo25q","pinfo25q;q0.500;c0.000;t0.2900","4.718E-16","1","19","DBias3",0.1,0,0,0,1,0,0,0,0,0,0.71,0.25,0.0087891,0.09375,0,0.010078,0.09375,0.09375,0.09375,0,0,0,0,0.40625,0.5,0.5,0.40625,0.40625,0.40625,0.59375,0.40625,,0.40625,0.59375,0.40625,0.59375,-0.05,-0.05,-0.5,0.5,0.5,0.40625,0.5,0.5,0.5,0.25,0.5,0.3125,0.5,0.25,0.5,0.5,1,0,0,0.25,0.75,0.5,0,1,0,0.29
"pinfo25q","pinfo25q;q0.500;c0.000;t0.2900","4.718E-16","1","19","DBias4",0.1,0,0,0,1,0,0,0,0,0,0.71,0.25,0.0031641,0.05625,0,0.004453,0.05625,0.05625,0.05625,0,0,0,0,0.44375,0.5,0.5,0.44375,0.44375,0.44375,0.55625,0.44375,,0.44375,0.55625,0.44375,0.55625,-0.05,-0.05,-0.5,0.5,0.5,0.44375,0.5,0.5,0.5,0.35,0.5,0.3875,0.5,0.35,0.5,0.5,1,0,0,0.25,0.75,0.5,0,1,0,0.29
"pinfo25q","pinfo25q;q0.500;c0.000;t0.2900","4.718E-16","1","19","DBias5",0.1,0,0,0,1,0,0,0,0,0,0.71,0.25,0.0003516,0.01875,0,0.001641,0.03375,0.03375,0.03375,0,0,0,0,0.48125,0.5,0.5,0.48125,0.48125,0.48125,0.51875,0.48125,,0.48125,0.51875,0.48125,0.51875,-0.05,-0.05,-0.5,0.5,0.5,0.48125,0.5,0.5,0.5,0.45,0.5,0.4625,0.5,0.45,0.5,0.5,1,0,0,0.25,0.75,0.5,0,1,0,0.29
"pinfo25q","pinfo25q;q0.500;c0.000;t0.2900","4.718E-16","1","19","DBias6",0.1,0,0,0,1,0,0,0,0,0,0.71,0.25,0.0003516,0.01875,0,0.001641,0.03375,0.03375,0.03375,0,0,0,0,0.51875,0.5,0.5,0.51875,0.51875,0.51875,0.48125,0.51875,,0.51875,0.48125,0.51875,0.48125,-0.05,-0.05,-0.5,0.5,0.5,0.51875,0.5,0.5,0.5,0.55,0.5,0.5375,0.5,0.55,0.5,0.5,1,0,0,0.25,0.75,0.5,0,1,0,0.29
"pinfo25q","pinfo25q;q0.500;c0.000;t0.2900","4.718E-16","1","19","DBias7",0.1,0,0,0,1,0,0,0,0,0,0.71,0.25,0.0031641,0.05625,0,0.004453,0.05625,0.05625,0.05625,0,0,0,0,0.55625,0.5,0.5,0.55625,0.55625,0.55625,0.44375,0.55625,,0.55625,0.44375,0.55625,0.44375,-0.05,-0.05,-0.5,0.5,0.5,0.55625,0.5,0.5,0.5,0.65,0.5,0.6125,0.5,0.65,0.5,0.5,1,0,0,0.25,0.75,0.5,0,1,0,0.29
"pinfo25q","pinfo25q;q0.500;c0.000;t0.2900","4.718E-16","1","19","DBias8",0.1,0,0,0,1,0,0,0,0,0,0.71,0.25,0.0087891,0.09375,0,0.010078,0.09375,0.09375,0.09375,0,0,0,0,0.59375,0.5,0.5,0.59375,0.59375,0.59375,0.40625,0.59375,,0.59375,0.40625,0.59375,0.40625,-0.05,-0.05,-0.5,0.5,0.5,0.59375,0.5,0.5,0.5,0.75,0.5,0.6875,0.5,0.75,0.5,0.5,1,0,0,0.25,0.75,0.5,0,1,0,0.29
"pinfo25q","pinfo25q;q0.500;c0.000;t0.2900","4.718E-16","1","19","DBias9",0.1,0,0,0,1,0,0,0,0,0,0.71,0.35,0.0172266,0.13125,0,0.018516,0.13125,0.13125,0.13125,0,0,0,0,0.63125,0.5,0.5,0.63125,0.63125,0.63125,0.36875,0.63125,,0.63125,0.36875,0.63125,0.36875,-0.05,-0.05,-0.5,0.5,0.5,0.63125,0.5,0.5,0.5,0.85,0.5,0.7625,0.5,0.85,0.5,0.5,1,0,0,0.25,0.75,0.5,0,1,0,0.29
"pinfo25q","pinfo25q;q0.500;c0.000;t0.2900","4.718E-16","1","19","DBias10",0.1,0,0,0,1,0,0,0,0,0,0.71,0.35,0.0284766,0.16875,0,0.029766,0.16875,0.16875,0.16875,0,0,0,0,0.66875,0.5,0.5,0.66875,0.66875,0.66875,0.33125,0.66875,,0.66875,0.33125,0.66875,0.33125,-0.05,-0.05,-0.5,0.5,0.5,0.66875,0.5,0.5,0.5,0.95,0.5,0.8375,0.5,0.95,0.5,0.5,1,0,0,0.25,0.75,0.5,0,1,0,0.29
"pinfo25q","pinfo25q;q0.500;c0.000;t0.2900","4.718E-16","1","19","POffer1",0,,,,,,,,,,,,,,,,,,,,,,,,,,,,,,,,,,,,,,,,,,,,,,,,,,,,,,,,,,,,,
"pinfo25q","pinfo25q;q0.500;c0.000;t0.2900","4.718E-16","1","19","POffer2",0,,,,,,,,,,,,,,,,,,,,,,,,,,,,,,,,,,,,,,,,,,,,,,,,,,,,,,,,,,,,,
"pinfo25q","pinfo25q;q0.500;c0.000;t0.2900","4.718E-16","1","19","POffer3",0,,,,,,,,,,,,,,,,,,,,,,,,,,,,,,,,,,,,,,,,,,,,,,,,,,,,,,,,,,,,,
"pinfo25q","pinfo25q;q0.500;c0.000;t0.2900","4.718E-16","1","19","POffer4",0,,,,,,,,,,,,,,,,,,,,,,,,,,,,,,,,,,,,,,,,,,,,,,,,,,,,,,,,,,,,,
"pinfo25q","pinfo25q;q0.500;c0.000;t0.2900","4.718E-16","1","19","POffer5",0,,,,,,,,,,,,,,,,,,,,,,,,,,,,,,,,,,,,,,,,,,,,,,,,,,,,,,,,,,,,,
"pinfo25q","pinfo25q;q0.500;c0.000;t0.2900","4.718E-16","1","19","POffer6",0,,,,,,,,,,,,,,,,,,,,,,,,,,,,,,,,,,,,,,,,,,,,,,,,,,,,,,,,,,,,,
"pinfo25q","pinfo25q;q0.500;c0.000;t0.2900","4.718E-16","1","19","POffer7",0,,,,,,,,,,,,,,,,,,,,,,,,,,,,,,,,,,,,,,,,,,,,,,,,,,,,,,,,,,,,,
"pinfo25q","pinfo25q;q0.500;c0.000;t0.2900","4.718E-16","1","19","POffer8",0.4,0,0,0,1,0.1,0.1,0,0,0,0.65,0.25,0.0014063,0.0375,0,0.013203,0.0975,0.0975,0.0975,0,0,0,0,0.4625,0.45,0.45,0.4625,0.4625,0.4625,0.5375,0.4625,,0.4625,0.5375,0.4625,0.5375,-0.05,-0.05,-0.5,0.5,0.4625,0.5,0.5,0.5,0.2,0.5,0.5,0.425,0.2,0.5,0.5,0.5,1,0,0,0.25,0.75,0.5,0,1,0,0.29
"pinfo25q","pinfo25q;q0.500;c0.000;t0.2900","4.718E-16","1","19","POffer9",0.6,0,0,0,1,0.1,0.1,0,0,0,0.75,0.25,0.000625,0.025,0,0.012682,0.09625,0.09625,0.09625,0,0,0,0,0.525,0.45,0.45,0.525,0.525,0.525,0.475,0.525,,0.525,0.475,0.525,0.475,-0.05,-0.05,-0.5,0.5,0.525,0.5,0.5,0.5,0.7,0.5,0.5,0.55,0.7,0.5,0.5,0.5,1,0,0,0.25,0.75,0.5,0,1,0,0.29
"pinfo25q","pinfo25q;q0.500;c0.000;t0.2900","4.718E-16","1","19","POffer10",0,,,,,,,,,,,,,,,,,,,,,,,,,,,,,,,,,,,,,,,,,,,,,,,,,,,,,,,,,,,,,
"pinfo25q","pinfo25q;q0.500;c0.000;t0.2900","4.718E-16","1","19","POffer11",0,,,,,,,,,,,,,,,,,,,,,,,,,,,,,,,,,,,,,,,,,,,,,,,,,,,,,,,,,,,,,
"pinfo25q","pinfo25q;q0.500;c0.000;t0.2900","4.718E-16","1","19","POffer12",0,,,,,,,,,,,,,,,,,,,,,,,,,,,,,,,,,,,,,,,,,,,,,,,,,,,,,,,,,,,,,
"pinfo25q","pinfo25q;q0.500;c0.000;t0.2900","4.718E-16","1","19","DOffer1",0,,,,,,,,,,,,,,,,,,,,,,,,,,,,,,,,,,,,,,,,,,,,,,,,,,,,,,,,,,,,,
"pinfo25q","pinfo25q;q0.500;c0.000;t0.2900","4.718E-16","1","19","DOffer2",0,,,,,,,,,,,,,,,,,,,,,,,,,,,,,,,,,,,,,,,,,,,,,,,,,,,,,,,,,,,,,
"pinfo25q","pinfo25q;q0.500;c0.000;t0.2900","4.718E-16","1","19","DOffer3",0.2,0,0,0,1,0.5,0.5,0,0,0,0.71,0.15,0.0225,0.15,0,0.024141,0.15,0.15,0.15,0,0,0,0,0.35,0.25,0.25,0.35,0.35,0.35,0.65,0.35,,0.35,0.65,0.35,0.65,-0.05,-0.05,-0.5,0.5,0.5,0.35,0.5,0.5,0.5,0.1,0.5,0.2,0.5,0.1,0.5,0.5,1,0,0,0.25,0.75,0.5,0,1,0,0.29
"pinfo25q","pinfo25q;q0.500;c0.000;t0.2900","4.718E-16","1","19","DOffer4",0.6,0,0,0,1,0,0,0,0,0,0.71,0.25,5.484E-34,2.34188E-17,0,0.005391,0.06125,0.06125,0.06125,0,0,0,0,0.5,0.5,0.5,0.5,0.5,0.5,0.5,0.5,,0.5,0.5,0.5,0.5,-0.05,-0.05,-0.5,0.5,0.5,0.5,0.5,0.5,0.5,0.5,0.5,0.5,0.5,0.5,0.5,0.5,1,0,0,0.25,0.75,0.5,0,1,0,0.29
"pinfo25q","pinfo25q;q0.500;c0.000;t0.2900","4.718E-16","1","19","DOffer5",0.2,0,0,0,1,0,0,0,0,0,0.71,0.35,0.0225,0.15,0,0.024141,0.15,0.15,0.15,0,0,0,0,0.65,0.5,0.5,0.65,0.65,0.65,0.35,0.65,,0.65,0.35,0.65,0.35,-0.05,-0.05,-0.5,0.5,0.5,0.65,0.5,0.5,0.5,0.9,0.5,0.8,0.5,0.9,0.5,0.5,1,0,0,0.25,0.75,0.5,0,1,0,0.29
"pinfo25q","pinfo25q;q0.500;c0.000;t0.2900","4.718E-16","1","19","DOffer6",0,,,,,,,,,,,,,,,,,,,,,,,,,,,,,,,,,,,,,,,,,,,,,,,,,,,,,,,,,,,,,
"pinfo25q","pinfo25q;q0.500;c0.000;t0.2900","4.718E-16","1","19","DOffer7",0,,,,,,,,,,,,,,,,,,,,,,,,,,,,,,,,,,,,,,,,,,,,,,,,,,,,,,,,,,,,,
"pinfo25q","pinfo25q;q0.500;c0.000;t0.2900","4.718E-16","1","19","DOffer8",0,,,,,,,,,,,,,,,,,,,,,,,,,,,,,,,,,,,,,,,,,,,,,,,,,,,,,,,,,,,,,
"pinfo25q","pinfo25q;q0.500;c0.000;t0.2900","4.718E-16","1","19","DOffer9",0,,,,,,,,,,,,,,,,,,,,,,,,,,,,,,,,,,,,,,,,,,,,,,,,,,,,,,,,,,,,,
"pinfo25q","pinfo25q;q0.500;c0.000;t0.2900","4.718E-16","1","19","DOffer10",0,,,,,,,,,,,,,,,,,,,,,,,,,,,,,,,,,,,,,,,,,,,,,,,,,,,,,,,,,,,,,
"pinfo25q","pinfo25q;q0.500;c0.000;t0.2900","4.718E-16","1","19","DOffer11",0,,,,,,,,,,,,,,,,,,,,,,,,,,,,,,,,,,,,,,,,,,,,,,,,,,,,,,,,,,,,,
"pinfo25q","pinfo25q;q0.500;c0.000;t0.2900","4.718E-16","1","19","DOffer12",0,,,,,,,,,,,,,,,,,,,,,,,,,,,,,,,,,,,,,,,,,,,,,,,,,,,,,,,,,,,,,
"pinfo25q","pinfo25q;q0.500;c0.000;t0.2900","4.718E-16","1","19","QualitySum1",0,,,,,,,,,,,,,,,,,,,,,,,,,,,,,,,,,,,,,,,,,,,,,,,,,,,,,,,,,,,,,
"pinfo25q","pinfo25q;q0.500;c0.000;t0.2900","4.718E-16","1","19","QualitySum2",0,,,,,,,,,,,,,,,,,,,,,,,,,,,,,,,,,,,,,,,,,,,,,,,,,,,,,,,,,,,,,
"pinfo25q","pinfo25q;q0.500;c0.000;t0.2900","4.718E-16","1","19","QualitySum3",0,,,,,,,,,,,,,,,,,,,,,,,,,,,,,,,,,,,,,,,,,,,,,,,,,,,,,,,,,,,,,
"pinfo25q","pinfo25q;q0.500;c0.000;t0.2900","4.718E-16","1","19","QualitySum4",0,,,,,,,,,,,,,,,,,,,,,,,,,,,,,,,,,,,,,,,,,,,,,,,,,,,,,,,,,,,,,
"pinfo25q","pinfo25q;q0.500;c0.000;t0.2900","4.718E-16","1","19","QualitySum5",0,,,,,,,,,,,,,,,,,,,,,,,,,,,,,,,,,,,,,,,,,,,,,,,,,,,,,,,,,,,,,
"pinfo25q","pinfo25q;q0.500;c0.000;t0.2900","4.718E-16","1","19","QualitySum6",0,,,,,,,,,,,,,,,,,,,,,,,,,,,,,,,,,,,,,,,,,,,,,,,,,,,,,,,,,,,,,
"pinfo25q","pinfo25q;q0.500;c0.000;t0.2900","4.718E-16","1","19","QualitySum7",0,,,,,,,,,,,,,,,,,,,,,,,,,,,,,,,,,,,,,,,,,,,,,,,,,,,,,,,,,,,,,
"pinfo25q","pinfo25q;q0.500;c0.000;t0.2900","4.718E-16","1","19","QualitySum8",0,,,,,,,,,,,,,,,,,,,,,,,,,,,,,,,,,,,,,,,,,,,,,,,,,,,,,,,,,,,,,
"pinfo25q","pinfo25q;q0.500;c0.000;t0.2900","4.718E-16","1","19","QualitySum9",0,,,,,,,,,,,,,,,,,,,,,,,,,,,,,,,,,,,,,,,,,,,,,,,,,,,,,,,,,,,,,
"pinfo25q","pinfo25q;q0.500;c0.000;t0.2900","4.718E-16","1","19","QualitySum10",0,,,,,,,,,,,,,,,,,,,,,,,,,,,,,,,,,,,,,,,,,,,,,,,,,,,,,,,,,,,,,
"pinfo25q","pinfo25q;q0.500;c0.000;t0.2900","4.718E-16","1","19","QualitySum11",1,0,0,0,1,0.1,0.1,0,0,0,0.71,0.25,4.516E-34,2.12504E-17,0,0.012891,0.09675,0.09675,0.09675,0,0,0,0,0.5,0.45,0.45,0.5,0.5,0.5,0.5,0.5,,0.5,0.5,0.5,0.5,-0.05,-0.05,-0.5,0.5,0.5,0.5,0.5,0.5,0.5,0.5,0.5,0.5,0.5,0.5,0.5,0.5,1,0,0,0.25,0.75,0.5,0,1,0,0.29
"pinfo25q","pinfo25q;q0.500;c0.000;t0.2900","4.718E-16","1","19","QualitySum12",0,,,,,,,,,,,,,,,,,,,,,,,,,,,,,,,,,,,,,,,,,,,,,,,,,,,,,,,,,,,,,
"pinfo25q","pinfo25q;q0.500;c0.000;t0.2900","4.718E-16","1","19","QualitySum13",0,,,,,,,,,,,,,,,,,,,,,,,,,,,,,,,,,,,,,,,,,,,,,,,,,,,,,,,,,,,,,
"pinfo25q","pinfo25q;q0.500;c0.000;t0.2900","4.718E-16","1","19","QualitySum14",0,,,,,,,,,,,,,,,,,,,,,,,,,,,,,,,,,,,,,,,,,,,,,,,,,,,,,,,,,,,,,
"pinfo25q","pinfo25q;q0.500;c0.000;t0.2900","4.718E-16","1","19","QualitySum15",0,,,,,,,,,,,,,,,,,,,,,,,,,,,,,,,,,,,,,,,,,,,,,,,,,,,,,,,,,,,,,
"pinfo25q","pinfo25q;q0.500;c0.000;t0.2900","4.718E-16","1","19","QualitySum16",0,,,,,,,,,,,,,,,,,,,,,,,,,,,,,,,,,,,,,,,,,,,,,,,,,,,,,,,,,,,,,
"pinfo25q","pinfo25q;q0.500;c0.000;t0.2900","4.718E-16","1","19","QualitySum17",0,,,,,,,,,,,,,,,,,,,,,,,,,,,,,,,,,,,,,,,,,,,,,,,,,,,,,,,,,,,,,
"pinfo25q","pinfo25q;q0.500;c0.000;t0.2900","4.718E-16","1","19","QualitySum18",0,,,,,,,,,,,,,,,,,,,,,,,,,,,,,,,,,,,,,,,,,,,,,,,,,,,,,,,,,,,,,
"pinfo25q","pinfo25q;q0.500;c0.000;t0.2900","4.718E-16","1","19","QualitySum19",0,,,,,,,,,,,,,,,,,,,,,,,,,,,,,,,,,,,,,,,,,,,,,,,,,,,,,,,,,,,,,
"pinfo25q","pinfo25q;q0.500;c0.000;t0.2900","4.718E-16","1","19","QualitySum20",0,,,,,,,,,,,,,,,,,,,,,,,,,,,,,,,,,,,,,,,,,,,,,,,,,,,,,,,,,,,,,
"pinfo25q","pinfo25q;q0.500;c0.000;t0.2900","4.718E-16","1","19","PBestGuess1",0,,,,,,,,,,,,,,,,,,,,,,,,,,,,,,,,,,,,,,,,,,,,,,,,,,,,,,,,,,,,,
"pinfo25q","pinfo25q;q0.500;c0.000;t0.2900","4.718E-16","1","19","PBestGuess2",0,,,,,,,,,,,,,,,,,,,,,,,,,,,,,,,,,,,,,,,,,,,,,,,,,,,,,,,,,,,,,
"pinfo25q","pinfo25q;q0.500;c0.000;t0.2900","4.718E-16","1","19","PBestGuess3",0,,,,,,,,,,,,,,,,,,,,,,,,,,,,,,,,,,,,,,,,,,,,,,,,,,,,,,,,,,,,,
"pinfo25q","pinfo25q;q0.500;c0.000;t0.2900","4.718E-16","1","19","PBestGuess4",0,,,,,,,,,,,,,,,,,,,,,,,,,,,,,,,,,,,,,,,,,,,,,,,,,,,,,,,,,,,,,
"pinfo25q","pinfo25q;q0.500;c0.000;t0.2900","4.718E-16","1","19","PBestGuess5",0,,,,,,,,,,,,,,,,,,,,,,,,,,,,,,,,,,,,,,,,,,,,,,,,,,,,,,,,,,,,,
"pinfo25q","pinfo25q;q0.500;c0.000;t0.2900","4.718E-16","1","19","PBestGuess6",0,,,,,,,,,,,,,,,,,,,,,,,,,,,,,,,,,,,,,,,,,,,,,,,,,,,,,,,,,,,,,
"pinfo25q","pinfo25q;q0.500;c0.000;t0.2900","4.718E-16","1","19","PBestGuess7",0,,,,,,,,,,,,,,,,,,,,,,,,,,,,,,,,,,,,,,,,,,,,,,,,,,,,,,,,,,,,,
"pinfo25q","pinfo25q;q0.500;c0.000;t0.2900","4.718E-16","1","19","PBestGuess8",0,,,,,,,,,,,,,,,,,,,,,,,,,,,,,,,,,,,,,,,,,,,,,,,,,,,,,,,,,,,,,
"pinfo25q","pinfo25q;q0.500;c0.000;t0.2900","4.718E-16","1","19","PBestGuess9",0.1,0,0,0,1,0.1,0.1,0,0,0,0.65,0.25,0.0031641,0.05625,0,0.014766,0.10125,0.10125,0.10125,0,0,0,0,0.44375,0.45,0.45,0.44375,0.44375,0.44375,0.55625,0.44375,,0.44375,0.55625,0.44375,0.55625,-0.05,-0.05,-0.5,0.5,0.44375,0.5,0.5,0.5,0.05,0.5,0.5,0.3875,0.05,0.5,0.5,0.5,1,0,0,0.25,0.75,0.5,0,1,0,0.29
"pinfo25q","pinfo25q;q0.500;c0.000;t0.2900","4.718E-16","1","19","PBestGuess10",0.4,0,0,0,1,0.1,0.1,0,0,0,0.675,0.25,0.000625,0.025,0,0.012422,0.095625,0.095625,0.095625,0,0,0,0,0.475,0.45,0.45,0.475,0.475,0.475,0.525,0.475,,0.475,0.525,0.475,0.525,-0.05,-0.05,-0.5,0.5,0.475,0.5,0.5,0.5,0.3,0.5,0.5,0.45,0.3,0.5,0.5,0.5,1,0,0,0.25,0.75,0.5,0,1,0,0.29
"pinfo25q","pinfo25q;q0.500;c0.000;t0.2900","4.718E-16","1","19","PBestGuess11",0.4,0,0,0,1,0.1,0.1,0,0,0,0.75,0.25,0.000625,0.025,0,0.012422,0.095625,0.095625,0.095625,0,0,0,0,0.525,0.45,0.45,0.525,0.525,0.525,0.475,0.525,,0.525,0.475,0.525,0.475,-0.05,-0.05,-0.5,0.5,0.525,0.5,0.5,0.5,0.7,0.5,0.5,0.55,0.7,0.5,0.5,0.5,1,0,0,0.25,0.75,0.5,0,1,0,0.29
"pinfo25q","pinfo25q;q0.500;c0.000;t0.2900","4.718E-16","1","19","PBestGuess12",0.1,0,0,0,1,0.1,0.1,0,0,0,0.75,0.25,0.0031641,0.05625,0,0.014766,0.10125,0.10125,0.10125,0,0,0,0,0.55625,0.45,0.45,0.55625,0.55625,0.55625,0.44375,0.55625,,0.55625,0.44375,0.55625,0.44375,-0.05,-0.05,-0.5,0.5,0.55625,0.5,0.5,0.5,0.95,0.5,0.5,0.6125,0.95,0.5,0.5,0.5,1,0,0,0.25,0.75,0.5,0,1,0,0.29
"pinfo25q","pinfo25q;q0.500;c0.000;t0.2900","4.718E-16","1","19","PBestGuess13",0,,,,,,,,,,,,,,,,,,,,,,,,,,,,,,,,,,,,,,,,,,,,,,,,,,,,,,,,,,,,,
"pinfo25q","pinfo25q;q0.500;c0.000;t0.2900","4.718E-16","1","19","PBestGuess14",0,,,,,,,,,,,,,,,,,,,,,,,,,,,,,,,,,,,,,,,,,,,,,,,,,,,,,,,,,,,,,
"pinfo25q","pinfo25q;q0.500;c0.000;t0.2900","4.718E-16","1","19","PBestGuess15",0,,,,,,,,,,,,,,,,,,,,,,,,,,,,,,,,,,,,,,,,,,,,,,,,,,,,,,,,,,,,,
"pinfo25q","pinfo25q;q0.500;c0.000;t0.2900","4.718E-16","1","19","PBestGuess16",0,,,,,,,,,,,,,,,,,,,,,,,,,,,,,,,,,,,,,,,,,,,,,,,,,,,,,,,,,,,,,
"pinfo25q","pinfo25q;q0.500;c0.000;t0.2900","4.718E-16","1","19","PBestGuess17",0,,,,,,,,,,,,,,,,,,,,,,,,,,,,,,,,,,,,,,,,,,,,,,,,,,,,,,,,,,,,,
"pinfo25q","pinfo25q;q0.500;c0.000;t0.2900","4.718E-16","1","19","PBestGuess18",0,,,,,,,,,,,,,,,,,,,,,,,,,,,,,,,,,,,,,,,,,,,,,,,,,,,,,,,,,,,,,
"pinfo25q","pinfo25q;q0.500;c0.000;t0.2900","4.718E-16","1","19","PBestGuess19",0,,,,,,,,,,,,,,,,,,,,,,,,,,,,,,,,,,,,,,,,,,,,,,,,,,,,,,,,,,,,,
"pinfo25q","pinfo25q;q0.500;c0.000;t0.2900","4.718E-16","1","19","PBestGuess20",0,,,,,,,,,,,,,,,,,,,,,,,,,,,,,,,,,,,,,,,,,,,,,,,,,,,,,,,,,,,,,
"pinfo25q","pinfo25q;q0.500;c0.000;t0.2900","4.718E-16","1","19","DBestGuess1",0,,,,,,,,,,,,,,,,,,,,,,,,,,,,,,,,,,,,,,,,,,,,,,,,,,,,,,,,,,,,,
"pinfo25q","pinfo25q;q0.500;c0.000;t0.2900","4.718E-16","1","19","DBestGuess2",0,,,,,,,,,,,,,,,,,,,,,,,,,,,,,,,,,,,,,,,,,,,,,,,,,,,,,,,,,,,,,
"pinfo25q","pinfo25q;q0.500;c0.000;t0.2900","4.718E-16","1","19","DBestGuess3",0,,,,,,,,,,,,,,,,,,,,,,,,,,,,,,,,,,,,,,,,,,,,,,,,,,,,,,,,,,,,,
"pinfo25q","pinfo25q;q0.500;c0.000;t0.2900","4.718E-16","1","19","DBestGuess4",0,,,,,,,,,,,,,,,,,,,,,,,,,,,,,,,,,,,,,,,,,,,,,,,,,,,,,,,,,,,,,
"pinfo25q","pinfo25q;q0.500;c0.000;t0.2900","4.718E-16","1","19","DBestGuess5",0,,,,,,,,,,,,,,,,,,,,,,,,,,,,,,,,,,,,,,,,,,,,,,,,,,,,,,,,,,,,,
"pinfo25q","pinfo25q;q0.500;c0.000;t0.2900","4.718E-16","1","19","DBestGuess6",0,,,,,,,,,,,,,,,,,,,,,,,,,,,,,,,,,,,,,,,,,,,,,,,,,,,,,,,,,,,,,
"pinfo25q","pinfo25q;q0.500;c0.000;t0.2900","4.718E-16","1","19","DBestGuess7",0.1,0,0,0,1,1,1,0,0,0,0.71,0.15,0.0284766,0.16875,0,0.029766,0.16875,0.16875,0.16875,0,0,0,0,0.33125,0,0,0.33125,0.33125,0.33125,0.66875,0.33125,,0.33125,0.66875,0.33125,0.66875,-0.05,-0.05,-0.5,0.5,0.5,0.33125,0.5,0.5,0.5,0.05,0.5,0.1625,0.5,0.05,0.5,0.5,1,0,0,0.25,0.75,0.5,0,1,0,0.29
"pinfo25q","pinfo25q;q0.500;c0.000;t0.2900","4.718E-16","1","19","DBestGuess8",0.1,0,0,0,1,0,0,0,0,0,0.71,0.15,0.0172266,0.13125,0,0.018516,0.13125,0.13125,0.13125,0,0,0,0,0.36875,0.5,0.5,0.36875,0.36875,0.36875,0.63125,0.36875,,0.36875,0.63125,0.36875,0.63125,-0.05,-0.05,-0.5,0.5,0.5,0.36875,0.5,0.5,0.5,0.15,0.5,0.2375,0.5,0.15,0.5,0.5,1,0,0,0.25,0.75,0.5,0,1,0,0.29
"pinfo25q","pinfo25q;q0.500;c0.000;t0.2900","4.718E-16","1","19","DBestGuess9",0.2,0,0,0,1,0,0,0,0,0,0.71,0.25,0.005625,0.075,0,0.007266,0.075,0.075,0.075,0,0,0,0,0.425,0.5,0.5,0.425,0.425,0.425,0.575,0.425,,0.425,0.575,0.425,0.575,-0.05,-0.05,-0.5,0.5,0.5,0.425,0.5,0.5,0.5,0.3,0.5,0.35,0.5,0.3,0.5,0.5,1,0,0,0.25,0.75,0.5,0,1,0,0.29
"pinfo25q","pinfo25q;q0.500;c0.000;t0.2900","4.718E-16","1","19","DBestGuess10",0.1,0,0,0,1,0,0,0,0,0,0.71,0.25,0.0003516,0.01875,0,0.001641,0.03375,0.03375,0.03375,0,0,0,0,0.48125,0.5,0.5,0.48125,0.48125,0.48125,0.51875,0.48125,,0.48125,0.51875,0.48125,0.51875,-0.05,-0.05,-0.5,0.5,0.5,0.48125,0.5,0.5,0.5,0.45,0.5,0.4625,0.5,0.45,0.5,0.5,1,0,0,0.25,0.75,0.5,0,1,0,0.29
"pinfo25q","pinfo25q;q0.500;c0.000;t0.2900","4.718E-16","1","19","DBestGuess11",0.1,0,0,0,1,0,0,0,0,0,0.71,0.25,0.0003516,0.01875,0,0.001641,0.03375,0.03375,0.03375,0,0,0,0,0.51875,0.5,0.5,0.51875,0.51875,0.51875,0.48125,0.51875,,0.51875,0.48125,0.51875,0.48125,-0.05,-0.05,-0.5,0.5,0.5,0.51875,0.5,0.5,0.5,0.55,0.5,0.5375,0.5,0.55,0.5,0.5,1,0,0,0.25,0.75,0.5,0,1,0,0.29
"pinfo25q","pinfo25q;q0.500;c0.000;t0.2900","4.718E-16","1","19","DBestGuess12",0.2,0,0,0,1,0,0,0,0,0,0.71,0.25,0.005625,0.075,0,0.007266,0.075,0.075,0.075,0,0,0,0,0.575,0.5,0.5,0.575,0.575,0.575,0.425,0.575,,0.575,0.425,0.575,0.425,-0.05,-0.05,-0.5,0.5,0.5,0.575,0.5,0.5,0.5,0.7,0.5,0.65,0.5,0.7,0.5,0.5,1,0,0,0.25,0.75,0.5,0,1,0,0.29
"pinfo25q","pinfo25q;q0.500;c0.000;t0.2900","4.718E-16","1","19","DBestGuess13",0.1,0,0,0,1,0,0,0,0,0,0.71,0.35,0.0172266,0.13125,0,0.018516,0.13125,0.13125,0.13125,0,0,0,0,0.63125,0.5,0.5,0.63125,0.63125,0.63125,0.36875,0.63125,,0.63125,0.36875,0.63125,0.36875,-0.05,-0.05,-0.5,0.5,0.5,0.63125,0.5,0.5,0.5,0.85,0.5,0.7625,0.5,0.85,0.5,0.5,1,0,0,0.25,0.75,0.5,0,1,0,0.29
"pinfo25q","pinfo25q;q0.500;c0.000;t0.2900","4.718E-16","1","19","DBestGuess14",0.1,0,0,0,1,0,0,0,0,0,0.71,0.35,0.0284766,0.16875,0,0.029766,0.16875,0.16875,0.16875,0,0,0,0,0.66875,0.5,0.5,0.66875,0.66875,0.66875,0.33125,0.66875,,0.66875,0.33125,0.66875,0.33125,-0.05,-0.05,-0.5,0.5,0.5,0.66875,0.5,0.5,0.5,0.95,0.5,0.8375,0.5,0.95,0.5,0.5,1,0,0,0.25,0.75,0.5,0,1,0,0.29
"pinfo25q","pinfo25q;q0.500;c0.000;t0.2900","4.718E-16","1","19","DBestGuess15",0,,,,,,,,,,,,,,,,,,,,,,,,,,,,,,,,,,,,,,,,,,,,,,,,,,,,,,,,,,,,,
"pinfo25q","pinfo25q;q0.500;c0.000;t0.2900","4.718E-16","1","19","DBestGuess16",0,,,,,,,,,,,,,,,,,,,,,,,,,,,,,,,,,,,,,,,,,,,,,,,,,,,,,,,,,,,,,
"pinfo25q","pinfo25q;q0.500;c0.000;t0.2900","4.718E-16","1","19","DBestGuess17",0,,,,,,,,,,,,,,,,,,,,,,,,,,,,,,,,,,,,,,,,,,,,,,,,,,,,,,,,,,,,,
"pinfo25q","pinfo25q;q0.500;c0.000;t0.2900","4.718E-16","1","19","DBestGuess18",0,,,,,,,,,,,,,,,,,,,,,,,,,,,,,,,,,,,,,,,,,,,,,,,,,,,,,,,,,,,,,
"pinfo25q","pinfo25q;q0.500;c0.000;t0.2900","4.718E-16","1","19","DBestGuess19",0,,,,,,,,,,,,,,,,,,,,,,,,,,,,,,,,,,,,,,,,,,,,,,,,,,,,,,,,,,,,,
"pinfo25q","pinfo25q;q0.500;c0.000;t0.2900","4.718E-16","1","19","DBestGuess20",0,,,,,,,,,,,,,,,,,,,,,,,,,,,,,,,,,,,,,,,,,,,,,,,,,,,,,,,,,,,,,
