"GroupName","OptionSet","Exploit","Refine","Seconds","Filter","All","PQuits","DQuits","Settles","Trial","Shifting","ShiftingOccursIfTrial","ShiftingValueIfTrial","PQuits","DQuits","POffer","DOffer","DMSAcc","DMSAccL1","DMSTrialRelAccL1","AccSq","Accuracy","Accuracy_ForPlaintiff","Accuracy_ForDefendant","TrialRelativeAccSq","TrialRelativeAccuracy","TrialRelativeAccuracy_ForPlaintiff","TrialRelativeAccuracy_ForDefendant","SettlementOrJudgment","DsProportionOfCost","DsProportionOfCostIfTrial","TrialValuePreShiftingIfOccurs","TrialValueWithShiftingIfOccurs","PTrialEffect_IfOccurs","DTrialEffect_IfOccurs","ResolutionValueIncludingShiftedAmount","SettlementValue","PWealth","DWealth","PWelfare","DWelfare","PQuality","DQuality","NQuality","QualitySum","PBestGuess","DBestGuess","QualitySum_PInfo","QualitySum_DInfo","PBias","DBias","NBias","BiasSum","BiasSum_PInfo","BiasSum_DInfo","Quality","Alpha_Quality","Alpha_Both_Quality","Alpha_Plaintiff_Quality","Alpha_Defendant_Quality","Alpha_Plaintiff_Bias","Alpha_Defendant_Bias","Evidence_Both_Quality","TrialCost","FeeShifting","FSMargin","FeeShiftingThreshold"
"pinfo25q","pinfo25q;q0.667;c0.063;t0.4000","-1.6650000000000002E-16","1","19","All",1,0,0,0.07,0.93,0.19,0.19,-0.0059375,0,0,0.78,0.36,0.0077623,0.0881042,0.00477083,0.02297,0.122521,0.141083,0.109042,0.000248741,0.0076875,0.03675,0.024875,0.5845,0.405,0.405,0.583333,0.577396,0.546146,0.391354,0.578563,0.75,0.5495,0.392375,0.5495,0.392375,-0.05,-0.05,-0.5,0.666667,0.583333,0.583333,0.666667,0.666667,0.5,0.5,0.5,0.5,0.5,0.5,0.666667,0.5,1,0,0,0.25,0.75,0.666667,0.0625,1,0,0.4
"pinfo25q","pinfo25q;q0.667;c0.063;t0.4000","-1.6650000000000002E-16","1","19","PBias1",0.1,0,0,0.1,0.9,0.2,0.2,-0.00625,0,0,0.75,0.36,0.0197168,0.140417,0.000833333,0.03551,0.157083,0.185208,0.133542,0.000488715,0.0116667,0.0397917,0.0272917,0.5325,0.4,0.4,0.527083,0.520833,0.489583,0.447917,0.52625,0.75,0.498125,0.445625,0.498125,0.445625,-0.05,-0.05,-0.5,0.666667,0.527083,0.583333,0.666667,0.666667,0.05,0.5,0.5,0.3875,0.05,0.5,0.666667,0.5,1,0,0,0.25,0.75,0.666667,0.0625,1,0,0.4
"pinfo25q","pinfo25q;q0.667;c0.063;t0.4000","-1.6650000000000002E-16","1","19","PBias2",0.1,0,0,0.1,0.9,0.2,0.2,-0.00625,0,0,0.75,0.36,0.016684,0.129167,0.00208333,0.031931,0.146667,0.173958,0.124792,0.000368924,0.0104167,0.0385417,0.0260417,0.54375,0.4,0.4,0.539583,0.533333,0.502083,0.435417,0.5375,0.75,0.509375,0.434375,0.509375,0.434375,-0.05,-0.05,-0.5,0.666667,0.539583,0.583333,0.666667,0.666667,0.15,0.5,0.5,0.4125,0.15,0.5,0.666667,0.5,1,0,0,0.25,0.75,0.666667,0.0625,1,0,0.4
"pinfo25q","pinfo25q;q0.667;c0.063;t0.4000","-1.6650000000000002E-16","1","19","PBias3",0.1,0,0,0.1,0.9,0.2,0.2,-0.00625,0,0,0.75,0.36,0.0139043,0.117917,0.00333333,0.028635,0.137917,0.162708,0.118125,0.000280382,0.00916667,0.0372917,0.0247917,0.555,0.4,0.4,0.552083,0.545833,0.514583,0.422917,0.54875,0.75,0.520625,0.423125,0.520625,0.423125,-0.05,-0.05,-0.5,0.666667,0.552083,0.583333,0.666667,0.666667,0.25,0.5,0.5,0.4375,0.25,0.5,0.666667,0.5,1,0,0,0.25,0.75,0.666667,0.0625,1,0,0.4
"pinfo25q","pinfo25q;q0.667;c0.063;t0.4000","-1.6650000000000002E-16","1","19","PBias4",0.1,0,0,0.1,0.9,0.2,0.2,-0.00625,0,0,0.75,0.36,0.0113778,0.106667,0.00458333,0.025619,0.129167,0.151458,0.111875,0.00022309,0.00791667,0.0360417,0.0235417,0.56625,0.4,0.4,0.564583,0.558333,0.527083,0.410417,0.56,0.75,0.531875,0.411875,0.531875,0.411875,-0.05,-0.05,-0.5,0.666667,0.564583,0.583333,0.666667,0.666667,0.35,0.5,0.5,0.4625,0.35,0.5,0.666667,0.5,1,0,0,0.25,0.75,0.666667,0.0625,1,0,0.4
"pinfo25q","pinfo25q;q0.667;c0.063;t0.4000","-1.6650000000000002E-16","1","19","PBias5",0.1,0,0,0.1,0.9,0.2,0.2,-0.00625,0,0,0.75,0.36,0.0091043,0.0954167,0.00583333,0.022885,0.12125,0.142292,0.105625,0.000197049,0.00666667,0.0347917,0.0222917,0.5775,0.4,0.4,0.577083,0.570833,0.539583,0.397917,0.57125,0.75,0.543125,0.400625,0.543125,0.400625,-0.05,-0.05,-0.5,0.666667,0.577083,0.583333,0.666667,0.666667,0.45,0.5,0.5,0.4875,0.45,0.5,0.666667,0.5,1,0,0,0.25,0.75,0.666667,0.0625,1,0,0.4
"pinfo25q","pinfo25q;q0.667;c0.063;t0.4000","-1.6650000000000002E-16","1","19","PBias6",0.1,0,0,0.1,0.9,0.2,0.2,-0.00625,0,0,0.75,0.36,0.007084,0.0841667,0.00708333,0.020431,0.115,0.133542,0.101458,0.000202257,0.00708333,0.0352083,0.0227083,0.58875,0.4,0.4,0.589583,0.583333,0.552083,0.385417,0.5825,0.75,0.554375,0.389375,0.554375,0.389375,-0.05,-0.05,-0.5,0.666667,0.589583,0.583333,0.666667,0.666667,0.55,0.5,0.5,0.5125,0.55,0.5,0.666667,0.5,1,0,0,0.25,0.75,0.666667,0.0625,1,0,0.4
"pinfo25q","pinfo25q;q0.667;c0.063;t0.4000","-1.6650000000000002E-16","1","19","PBias7",0.1,0,0,0.1,0.9,0.2,0.2,-0.00625,0,0,0.75,0.36,0.0053168,0.0729167,0.00833333,0.01826,0.10875,0.124792,0.0977083,0.000238715,0.00833333,0.0364583,0.0239583,0.6,0.4,0.4,0.602083,0.595833,0.564583,0.372917,0.59375,0.75,0.565625,0.378125,0.565625,0.378125,-0.05,-0.05,-0.5,0.666667,0.602083,0.583333,0.666667,0.666667,0.65,0.5,0.5,0.5375,0.65,0.5,0.666667,0.5,1,0,0,0.25,0.75,0.666667,0.0625,1,0,0.4
"pinfo25q","pinfo25q;q0.667;c0.063;t0.4000","-1.6650000000000002E-16","1","19","PBias8",0.1,0,0,0,1,0.2,0.2,-0.00625,0,0,0.85,0.36,0.0034028,0.0583333,0.00625,0.017036,0.106667,0.118333,0.100417,0.000195313,0.00625,0.0375,0.025,0.614583,0.4,0.4,0.614583,0.608333,0.577083,0.360417,0.608333,,0.577083,0.360417,0.577083,0.360417,-0.05,-0.05,-0.5,0.666667,0.614583,0.583333,0.666667,0.666667,0.75,0.5,0.5,0.5625,0.75,0.5,0.666667,0.5,1,0,0,0.25,0.75,0.666667,0.0625,1,0,0.4
"pinfo25q","pinfo25q;q0.667;c0.063;t0.4000","-1.6650000000000002E-16","1","19","PBias9",0.1,0,0,0,1,0.2,0.2,-0.00625,0,0,0.85,0.36,0.0021007,0.0458333,0.00625,0.015734,0.104167,0.113333,0.1,0.000195313,0.00625,0.0375,0.025,0.627083,0.4,0.4,0.627083,0.620833,0.589583,0.347917,0.620833,,0.589583,0.347917,0.589583,0.347917,-0.05,-0.05,-0.5,0.666667,0.627083,0.583333,0.666667,0.666667,0.85,0.5,0.5,0.5875,0.85,0.5,0.666667,0.5,1,0,0,0.25,0.75,0.666667,0.0625,1,0,0.4
"pinfo25q","pinfo25q;q0.667;c0.063;t0.4000","-1.6650000000000002E-16","1","19","PBias10",0.1,0,0,0,1,0.1,0.1,-0.003125,0,0,0.85,0.36,0.0009125,0.0302083,0.003125,0.013657,0.0985417,0.105208,0.096875,9.76563E-05,0.003125,0.034375,0.028125,0.639583,0.45,0.45,0.639583,0.636458,0.605208,0.332292,0.636458,,0.605208,0.332292,0.605208,0.332292,-0.05,-0.05,-0.5,0.666667,0.639583,0.583333,0.666667,0.666667,0.95,0.5,0.5,0.6125,0.95,0.5,0.666667,0.5,1,0,0,0.25,0.75,0.666667,0.0625,1,0,0.4
"pinfo25q","pinfo25q;q0.667;c0.063;t0.4000","-1.6650000000000002E-16","1","19","DBias1",0.1,0,0,0,1,1,1,-0.03125,0,0,0.78,0.25,0.0802778,0.283333,0.03125,0.081567,0.283333,0.314583,0.252083,0.000976563,0.03125,0.0625,0,0.414583,0,0,0.414583,0.383333,0.352083,0.585417,0.383333,,0.352083,0.585417,0.352083,0.585417,-0.05,-0.05,-0.5,0.666667,0.583333,0.414583,0.666667,0.666667,0.5,0.05,0.5,0.1625,0.5,0.05,0.666667,0.5,1,0,0,0.25,0.75,0.666667,0.0625,1,0,0.4
"pinfo25q","pinfo25q;q0.667;c0.063;t0.4000","-1.6650000000000002E-16","1","19","DBias2",0.1,0,0,0,1,0.9,0.9,-0.028125,0,0,0.78,0.25,0.0589073,0.242708,0.028125,0.060636,0.242708,0.273958,0.211458,0.000878906,0.028125,0.059375,0.003125,0.452083,0.05,0.05,0.452083,0.423958,0.392708,0.544792,0.423958,,0.392708,0.544792,0.392708,0.544792,-0.05,-0.05,-0.5,0.666667,0.583333,0.452083,0.666667,0.666667,0.5,0.15,0.5,0.2375,0.5,0.15,0.666667,0.5,1,0,0,0.25,0.75,0.666667,0.0625,1,0,0.4
"pinfo25q","pinfo25q;q0.667;c0.063;t0.4000","-1.6650000000000002E-16","1","19","DBias3",0.1,0,0,0,1,0,0,0,0,0,0.78,0.25,0.0313585,0.177083,0,0.032648,0.177083,0.208333,0.145833,0,0,0.03125,0.03125,0.489583,0.5,0.5,0.489583,0.489583,0.458333,0.479167,0.489583,,0.458333,0.479167,0.458333,0.479167,-0.05,-0.05,-0.5,0.666667,0.583333,0.489583,0.666667,0.666667,0.5,0.25,0.5,0.3125,0.5,0.25,0.666667,0.5,1,0,0,0.25,0.75,0.666667,0.0625,1,0,0.4
"pinfo25q","pinfo25q;q0.667;c0.063;t0.4000","-1.6650000000000002E-16","1","19","DBias4",0.1,0,0,0,1,0,0,0,0,0,0.78,0.25,0.0194835,0.139583,0,0.020773,0.139583,0.170833,0.108333,0,0,0.03125,0.03125,0.527083,0.5,0.5,0.527083,0.527083,0.495833,0.441667,0.527083,,0.495833,0.441667,0.495833,0.441667,-0.05,-0.05,-0.5,0.666667,0.583333,0.527083,0.666667,0.666667,0.5,0.35,0.5,0.3875,0.5,0.35,0.666667,0.5,1,0,0,0.25,0.75,0.666667,0.0625,1,0,0.4
"pinfo25q","pinfo25q;q0.667;c0.063;t0.4000","-1.6650000000000002E-16","1","19","DBias5",0.1,0,0,0,1,0,0,0,0,0,0.78,0.25,0.010421,0.102083,0,0.01171,0.102083,0.133333,0.0708333,0,0,0.03125,0.03125,0.564583,0.5,0.5,0.564583,0.564583,0.533333,0.404167,0.564583,,0.533333,0.404167,0.533333,0.404167,-0.05,-0.05,-0.5,0.666667,0.583333,0.564583,0.666667,0.666667,0.5,0.45,0.5,0.4625,0.5,0.45,0.666667,0.5,1,0,0,0.25,0.75,0.666667,0.0625,1,0,0.4
"pinfo25q","pinfo25q;q0.667;c0.063;t0.4000","-1.6650000000000002E-16","1","19","DBias6",0.1,0,0,0,1,0,0,0,0,0,0.78,0.35,0.004171,0.0645833,0,0.00546,0.0645833,0.0958333,0.04,0,0,0.03125,0.03125,0.602083,0.5,0.5,0.602083,0.602083,0.570833,0.366667,0.602083,,0.570833,0.366667,0.570833,0.366667,-0.05,-0.05,-0.5,0.666667,0.583333,0.602083,0.666667,0.666667,0.5,0.55,0.5,0.5375,0.5,0.55,0.666667,0.5,1,0,0,0.25,0.75,0.666667,0.0625,1,0,0.4
"pinfo25q","pinfo25q;q0.667;c0.063;t0.4000","-1.6650000000000002E-16","1","19","DBias7",0.1,0,0,0,1,0,0,0,0,0,0.78,0.35,0.0007335,0.0270833,0,0.002023,0.0370833,0.0583333,0.03125,0,0,0.03125,0.03125,0.639583,0.5,0.5,0.639583,0.639583,0.608333,0.329167,0.639583,,0.608333,0.329167,0.608333,0.329167,-0.05,-0.05,-0.5,0.666667,0.583333,0.639583,0.666667,0.666667,0.5,0.65,0.5,0.6125,0.5,0.65,0.666667,0.5,1,0,0,0.25,0.75,0.666667,0.0625,1,0,0.4
"pinfo25q","pinfo25q;q0.667;c0.063;t0.4000","-1.6650000000000002E-16","1","19","DBias8",0.1,0,0,0,1,0,0,0,0,0,0.78,0.45,0.0001085,0.0104167,0,0.001398,0.0320833,0.0345833,0.045,0,0,0.03125,0.03125,0.677083,0.5,0.5,0.677083,0.677083,0.645833,0.291667,0.677083,,0.645833,0.291667,0.645833,0.291667,-0.05,-0.05,-0.5,0.666667,0.583333,0.677083,0.666667,0.666667,0.5,0.75,0.5,0.6875,0.5,0.75,0.666667,0.5,1,0,0,0.25,0.75,0.666667,0.0625,1,0,0.4
"pinfo25q","pinfo25q;q0.667;c0.063;t0.4000","-1.6650000000000002E-16","1","19","DBias9",0.1,0,0,0,1,0,0,0,0,0,0.78,0.45,0.002296,0.0479167,0,0.003585,0.0495833,0.0333333,0.0791667,0,0,0.03125,0.03125,0.714583,0.5,0.5,0.714583,0.714583,0.683333,0.254167,0.714583,,0.683333,0.254167,0.683333,0.254167,-0.05,-0.05,-0.5,0.666667,0.583333,0.714583,0.666667,0.666667,0.5,0.85,0.5,0.7625,0.5,0.85,0.666667,0.5,1,0,0,0.25,0.75,0.666667,0.0625,1,0,0.4
"pinfo25q","pinfo25q;q0.667;c0.063;t0.4000","-1.6650000000000002E-16","1","19","DBias10",0.1,0,0,0.7,0.3,0,0,0,0,0,0.78,0.75,0.0094252,0.0970833,0.0116667,0.009898,0.0970833,0.0877083,0.106458,0.000631944,0.0175,0.026875,0.026875,0.76375,0.5,0.5,0.752083,0.752083,0.720833,0.216667,0.76375,0.75,0.754375,0.226875,0.754375,0.226875,-0.05,-0.05,-0.5,0.666667,0.583333,0.752083,0.666667,0.666667,0.5,0.95,0.5,0.8375,0.5,0.95,0.666667,0.5,1,0,0,0.25,0.75,0.666667,0.0625,1,0,0.4
"pinfo25q","pinfo25q;q0.667;c0.063;t0.4000","-1.6650000000000002E-16","1","19","POffer1",0,,,,,,,,,,,,,,,,,,,,,,,,,,,,,,,,,,,,,,,,,,,,,,,,,,,,,,,,,,,,,
"pinfo25q","pinfo25q;q0.667;c0.063;t0.4000","-1.6650000000000002E-16","1","19","POffer2",0,,,,,,,,,,,,,,,,,,,,,,,,,,,,,,,,,,,,,,,,,,,,,,,,,,,,,,,,,,,,,
"pinfo25q","pinfo25q;q0.667;c0.063;t0.4000","-1.6650000000000002E-16","1","19","POffer3",0,,,,,,,,,,,,,,,,,,,,,,,,,,,,,,,,,,,,,,,,,,,,,,,,,,,,,,,,,,,,,
"pinfo25q","pinfo25q;q0.667;c0.063;t0.4000","-1.6650000000000002E-16","1","19","POffer4",0,,,,,,,,,,,,,,,,,,,,,,,,,,,,,,,,,,,,,,,,,,,,,,,,,,,,,,,,,,,,,
"pinfo25q","pinfo25q;q0.667;c0.063;t0.4000","-1.6650000000000002E-16","1","19","POffer5",0,,,,,,,,,,,,,,,,,,,,,,,,,,,,,,,,,,,,,,,,,,,,,,,,,,,,,,,,,,,,,
"pinfo25q","pinfo25q;q0.667;c0.063;t0.4000","-1.6650000000000002E-16","1","19","POffer6",0,,,,,,,,,,,,,,,,,,,,,,,,,,,,,,,,,,,,,,,,,,,,,,,,,,,,,,,,,,,,,
"pinfo25q","pinfo25q;q0.667;c0.063;t0.4000","-1.6650000000000002E-16","1","19","POffer7",0,,,,,,,,,,,,,,,,,,,,,,,,,,,,,,,,,,,,,,,,,,,,,,,,,,,,,,,,,,,,,
"pinfo25q","pinfo25q;q0.667;c0.063;t0.4000","-1.6650000000000002E-16","1","19","POffer8",0,,,,,,,,,,,,,,,,,,,,,,,,,,,,,,,,,,,,,,,,,,,,,,,,,,,,,,,,,,,,,
"pinfo25q","pinfo25q;q0.667;c0.063;t0.4000","-1.6650000000000002E-16","1","19","POffer9",0.7,0,0,0.1,0.9,0.2,0.2,-0.00625,0,0,0.75,0.36,0.0113778,0.106667,0.00458333,0.026181,0.130833,0.153423,0.113304,0.00028559,0.00875,0.036875,0.024375,0.56625,0.4,0.4,0.564583,0.558333,0.527083,0.410417,0.56,0.75,0.531875,0.411875,0.531875,0.411875,-0.05,-0.05,-0.5,0.666667,0.564583,0.583333,0.666667,0.666667,0.35,0.5,0.5,0.4625,0.35,0.5,0.666667,0.5,1,0,0,0.25,0.75,0.666667,0.0625,1,0,0.4
"pinfo25q","pinfo25q;q0.667;c0.063;t0.4000","-1.6650000000000002E-16","1","19","POffer10",0.3,0,0,0,1,0.166667,0.166667,-0.00520833,0,0,0.85,0.36,0.0020063,0.0447917,0.00520833,0.015475,0.103125,0.112292,0.0990972,0.00016276,0.00520833,0.0364583,0.0260417,0.627083,0.416667,0.416667,0.627083,0.621875,0.590625,0.346875,0.621875,,0.590625,0.346875,0.590625,0.346875,-0.05,-0.05,-0.5,0.666667,0.627083,0.583333,0.666667,0.666667,0.85,0.5,0.5,0.5875,0.85,0.5,0.666667,0.5,1,0,0,0.25,0.75,0.666667,0.0625,1,0,0.4
"pinfo25q","pinfo25q;q0.667;c0.063;t0.4000","-1.6650000000000002E-16","1","19","POffer11",0,,,,,,,,,,,,,,,,,,,,,,,,,,,,,,,,,,,,,,,,,,,,,,,,,,,,,,,,,,,,,
"pinfo25q","pinfo25q;q0.667;c0.063;t0.4000","-1.6650000000000002E-16","1","19","POffer12",0,,,,,,,,,,,,,,,,,,,,,,,,,,,,,,,,,,,,,,,,,,,,,,,,,,,,,,,,,,,,,
"pinfo25q","pinfo25q;q0.667;c0.063;t0.4000","-1.6650000000000002E-16","1","19","DOffer1",0,,,,,,,,,,,,,,,,,,,,,,,,,,,,,,,,,,,,,,,,,,,,,,,,,,,,,,,,,,,,,
"pinfo25q","pinfo25q;q0.667;c0.063;t0.4000","-1.6650000000000002E-16","1","19","DOffer2",0,,,,,,,,,,,,,,,,,,,,,,,,,,,,,,,,,,,,,,,,,,,,,,,,,,,,,,,,,,,,,
"pinfo25q","pinfo25q;q0.667;c0.063;t0.4000","-1.6650000000000002E-16","1","19","DOffer3",0,,,,,,,,,,,,,,,,,,,,,,,,,,,,,,,,,,,,,,,,,,,,,,,,,,,,,,,,,,,,,
"pinfo25q","pinfo25q;q0.667;c0.063;t0.4000","-1.6650000000000002E-16","1","19","DOffer4",0.5,0,0,0,1,0.38,0.38,-0.011875,0,0,0.78,0.25,0.0357053,0.188958,0.011875,0.041467,0.188958,0.220208,0.157708,0.000371094,0.011875,0.043125,0.019375,0.489583,0.31,0.31,0.489583,0.477708,0.446458,0.491042,0.477708,,0.446458,0.491042,0.446458,0.491042,-0.05,-0.05,-0.5,0.666667,0.583333,0.489583,0.666667,0.666667,0.5,0.25,0.5,0.3125,0.5,0.25,0.666667,0.5,1,0,0,0.25,0.75,0.666667,0.0625,1,0,0.4
"pinfo25q","pinfo25q;q0.667;c0.063;t0.4000","-1.6650000000000002E-16","1","19","DOffer5",0.2,0,0,0,1,0,0,0,0,0,0.78,0.35,0.0021007,0.0458333,0,0.003741,0.0508333,0.0770833,0.035625,0,0,0.03125,0.03125,0.620833,0.5,0.5,0.620833,0.620833,0.589583,0.347917,0.620833,,0.589583,0.347917,0.589583,0.347917,-0.05,-0.05,-0.5,0.666667,0.583333,0.620833,0.666667,0.666667,0.5,0.6,0.5,0.575,0.5,0.6,0.666667,0.5,1,0,0,0.25,0.75,0.666667,0.0625,1,0,0.4
"pinfo25q","pinfo25q;q0.667;c0.063;t0.4000","-1.6650000000000002E-16","1","19","DOffer6",0.2,0,0,0,1,0,0,0,0,0,0.78,0.45,0.0008507,0.0291667,0,0.002491,0.0408333,0.0339583,0.0620833,0,0,0.03125,0.03125,0.695833,0.5,0.5,0.695833,0.695833,0.664583,0.272917,0.695833,,0.664583,0.272917,0.664583,0.272917,-0.05,-0.05,-0.5,0.666667,0.583333,0.695833,0.666667,0.666667,0.5,0.8,0.5,0.725,0.5,0.8,0.666667,0.5,1,0,0,0.25,0.75,0.666667,0.0625,1,0,0.4
"pinfo25q","pinfo25q;q0.667;c0.063;t0.4000","-1.6650000000000002E-16","1","19","DOffer7",0,,,,,,,,,,,,,,,,,,,,,,,,,,,,,,,,,,,,,,,,,,,,,,,,,,,,,,,,,,,,,
"pinfo25q","pinfo25q;q0.667;c0.063;t0.4000","-1.6650000000000002E-16","1","19","DOffer8",0,,,,,,,,,,,,,,,,,,,,,,,,,,,,,,,,,,,,,,,,,,,,,,,,,,,,,,,,,,,,,
"pinfo25q","pinfo25q;q0.667;c0.063;t0.4000","-1.6650000000000002E-16","1","19","DOffer9",0.1,0,0,0.7,0.3,0,0,0,0,0,0.78,0.75,0.0094252,0.0970833,0.0116667,0.009898,0.0970833,0.0877083,0.106458,0.000631944,0.0175,0.026875,0.026875,0.76375,0.5,0.5,0.752083,0.752083,0.720833,0.216667,0.76375,0.75,0.754375,0.226875,0.754375,0.226875,-0.05,-0.05,-0.5,0.666667,0.583333,0.752083,0.666667,0.666667,0.5,0.95,0.5,0.8375,0.5,0.95,0.666667,0.5,1,0,0,0.25,0.75,0.666667,0.0625,1,0,0.4
"pinfo25q","pinfo25q;q0.667;c0.063;t0.4000","-1.6650000000000002E-16","1","19","DOffer10",0,,,,,,,,,,,,,,,,,,,,,,,,,,,,,,,,,,,,,,,,,,,,,,,,,,,,,,,,,,,,,
"pinfo25q","pinfo25q;q0.667;c0.063;t0.4000","-1.6650000000000002E-16","1","19","DOffer11",0,,,,,,,,,,,,,,,,,,,,,,,,,,,,,,,,,,,,,,,,,,,,,,,,,,,,,,,,,,,,,
"pinfo25q","pinfo25q;q0.667;c0.063;t0.4000","-1.6650000000000002E-16","1","19","DOffer12",0,,,,,,,,,,,,,,,,,,,,,,,,,,,,,,,,,,,,,,,,,,,,,,,,,,,,,,,,,,,,,
"pinfo25q","pinfo25q;q0.667;c0.063;t0.4000","-1.6650000000000002E-16","1","19","QualitySum1",0,,,,,,,,,,,,,,,,,,,,,,,,,,,,,,,,,,,,,,,,,,,,,,,,,,,,,,,,,,,,,
"pinfo25q","pinfo25q;q0.667;c0.063;t0.4000","-1.6650000000000002E-16","1","19","QualitySum2",0,,,,,,,,,,,,,,,,,,,,,,,,,,,,,,,,,,,,,,,,,,,,,,,,,,,,,,,,,,,,,
"pinfo25q","pinfo25q;q0.667;c0.063;t0.4000","-1.6650000000000002E-16","1","19","QualitySum3",0,,,,,,,,,,,,,,,,,,,,,,,,,,,,,,,,,,,,,,,,,,,,,,,,,,,,,,,,,,,,,
"pinfo25q","pinfo25q;q0.667;c0.063;t0.4000","-1.6650000000000002E-16","1","19","QualitySum4",0,,,,,,,,,,,,,,,,,,,,,,,,,,,,,,,,,,,,,,,,,,,,,,,,,,,,,,,,,,,,,
"pinfo25q","pinfo25q;q0.667;c0.063;t0.4000","-1.6650000000000002E-16","1","19","QualitySum5",0,,,,,,,,,,,,,,,,,,,,,,,,,,,,,,,,,,,,,,,,,,,,,,,,,,,,,,,,,,,,,
"pinfo25q","pinfo25q;q0.667;c0.063;t0.4000","-1.6650000000000002E-16","1","19","QualitySum6",0,,,,,,,,,,,,,,,,,,,,,,,,,,,,,,,,,,,,,,,,,,,,,,,,,,,,,,,,,,,,,
"pinfo25q","pinfo25q;q0.667;c0.063;t0.4000","-1.6650000000000002E-16","1","19","QualitySum7",0,,,,,,,,,,,,,,,,,,,,,,,,,,,,,,,,,,,,,,,,,,,,,,,,,,,,,,,,,,,,,
"pinfo25q","pinfo25q;q0.667;c0.063;t0.4000","-1.6650000000000002E-16","1","19","QualitySum8",0,,,,,,,,,,,,,,,,,,,,,,,,,,,,,,,,,,,,,,,,,,,,,,,,,,,,,,,,,,,,,
"pinfo25q","pinfo25q;q0.667;c0.063;t0.4000","-1.6650000000000002E-16","1","19","QualitySum9",0,,,,,,,,,,,,,,,,,,,,,,,,,,,,,,,,,,,,,,,,,,,,,,,,,,,,,,,,,,,,,
"pinfo25q","pinfo25q;q0.667;c0.063;t0.4000","-1.6650000000000002E-16","1","19","QualitySum10",0,,,,,,,,,,,,,,,,,,,,,,,,,,,,,,,,,,,,,,,,,,,,,,,,,,,,,,,,,,,,,
"pinfo25q","pinfo25q;q0.667;c0.063;t0.4000","-1.6650000000000002E-16","1","19","QualitySum11",0,,,,,,,,,,,,,,,,,,,,,,,,,,,,,,,,,,,,,,,,,,,,,,,,,,,,,,,,,,,,,
"pinfo25q","pinfo25q;q0.667;c0.063;t0.4000","-1.6650000000000002E-16","1","19","QualitySum12",0,,,,,,,,,,,,,,,,,,,,,,,,,,,,,,,,,,,,,,,,,,,,,,,,,,,,,,,,,,,,,
"pinfo25q","pinfo25q;q0.667;c0.063;t0.4000","-1.6650000000000002E-16","1","19","QualitySum13",0,,,,,,,,,,,,,,,,,,,,,,,,,,,,,,,,,,,,,,,,,,,,,,,,,,,,,,,,,,,,,
"pinfo25q","pinfo25q;q0.667;c0.063;t0.4000","-1.6650000000000002E-16","1","19","QualitySum14",1,0,0,0.07,0.93,0.19,0.19,-0.0059375,0,0,0.78,0.36,0.0077623,0.0881042,0.00477083,0.02297,0.122521,0.141083,0.109042,0.000248741,0.0076875,0.03675,0.024875,0.5845,0.405,0.405,0.583333,0.577396,0.546146,0.391354,0.578563,0.75,0.5495,0.392375,0.5495,0.392375,-0.05,-0.05,-0.5,0.666667,0.583333,0.583333,0.666667,0.666667,0.5,0.5,0.5,0.5,0.5,0.5,0.666667,0.5,1,0,0,0.25,0.75,0.666667,0.0625,1,0,0.4
"pinfo25q","pinfo25q;q0.667;c0.063;t0.4000","-1.6650000000000002E-16","1","19","QualitySum15",0,,,,,,,,,,,,,,,,,,,,,,,,,,,,,,,,,,,,,,,,,,,,,,,,,,,,,,,,,,,,,
"pinfo25q","pinfo25q;q0.667;c0.063;t0.4000","-1.6650000000000002E-16","1","19","QualitySum16",0,,,,,,,,,,,,,,,,,,,,,,,,,,,,,,,,,,,,,,,,,,,,,,,,,,,,,,,,,,,,,
"pinfo25q","pinfo25q;q0.667;c0.063;t0.4000","-1.6650000000000002E-16","1","19","QualitySum17",0,,,,,,,,,,,,,,,,,,,,,,,,,,,,,,,,,,,,,,,,,,,,,,,,,,,,,,,,,,,,,
"pinfo25q","pinfo25q;q0.667;c0.063;t0.4000","-1.6650000000000002E-16","1","19","QualitySum18",0,,,,,,,,,,,,,,,,,,,,,,,,,,,,,,,,,,,,,,,,,,,,,,,,,,,,,,,,,,,,,
"pinfo25q","pinfo25q;q0.667;c0.063;t0.4000","-1.6650000000000002E-16","1","19","QualitySum19",0,,,,,,,,,,,,,,,,,,,,,,,,,,,,,,,,,,,,,,,,,,,,,,,,,,,,,,,,,,,,,
"pinfo25q","pinfo25q;q0.667;c0.063;t0.4000","-1.6650000000000002E-16","1","19","QualitySum20",0,,,,,,,,,,,,,,,,,,,,,,,,,,,,,,,,,,,,,,,,,,,,,,,,,,,,,,,,,,,,,
"pinfo25q","pinfo25q;q0.667;c0.063;t0.4000","-1.6650000000000002E-16","1","19","PBestGuess1",0,,,,,,,,,,,,,,,,,,,,,,,,,,,,,,,,,,,,,,,,,,,,,,,,,,,,,,,,,,,,,
"pinfo25q","pinfo25q;q0.667;c0.063;t0.4000","-1.6650000000000002E-16","1","19","PBestGuess2",0,,,,,,,,,,,,,,,,,,,,,,,,,,,,,,,,,,,,,,,,,,,,,,,,,,,,,,,,,,,,,
"pinfo25q","pinfo25q;q0.667;c0.063;t0.4000","-1.6650000000000002E-16","1","19","PBestGuess3",0,,,,,,,,,,,,,,,,,,,,,,,,,,,,,,,,,,,,,,,,,,,,,,,,,,,,,,,,,,,,,
"pinfo25q","pinfo25q;q0.667;c0.063;t0.4000","-1.6650000000000002E-16","1","19","PBestGuess4",0,,,,,,,,,,,,,,,,,,,,,,,,,,,,,,,,,,,,,,,,,,,,,,,,,,,,,,,,,,,,,
"pinfo25q","pinfo25q;q0.667;c0.063;t0.4000","-1.6650000000000002E-16","1","19","PBestGuess5",0,,,,,,,,,,,,,,,,,,,,,,,,,,,,,,,,,,,,,,,,,,,,,,,,,,,,,,,,,,,,,
"pinfo25q","pinfo25q;q0.667;c0.063;t0.4000","-1.6650000000000002E-16","1","19","PBestGuess6",0,,,,,,,,,,,,,,,,,,,,,,,,,,,,,,,,,,,,,,,,,,,,,,,,,,,,,,,,,,,,,
"pinfo25q","pinfo25q;q0.667;c0.063;t0.4000","-1.6650000000000002E-16","1","19","PBestGuess7",0,,,,,,,,,,,,,,,,,,,,,,,,,,,,,,,,,,,,,,,,,,,,,,,,,,,,,,,,,,,,,
"pinfo25q","pinfo25q;q0.667;c0.063;t0.4000","-1.6650000000000002E-16","1","19","PBestGuess8",0,,,,,,,,,,,,,,,,,,,,,,,,,,,,,,,,,,,,,,,,,,,,,,,,,,,,,,,,,,,,,
"pinfo25q","pinfo25q;q0.667;c0.063;t0.4000","-1.6650000000000002E-16","1","19","PBestGuess9",0,,,,,,,,,,,,,,,,,,,,,,,,,,,,,,,,,,,,,,,,,,,,,,,,,,,,,,,,,,,,,
"pinfo25q","pinfo25q;q0.667;c0.063;t0.4000","-1.6650000000000002E-16","1","19","PBestGuess10",0,,,,,,,,,,,,,,,,,,,,,,,,,,,,,,,,,,,,,,,,,,,,,,,,,,,,,,,,,,,,,
"pinfo25q","pinfo25q;q0.667;c0.063;t0.4000","-1.6650000000000002E-16","1","19","PBestGuess11",0.2,0,0,0.1,0.9,0.2,0.2,-0.00625,0,0,0.75,0.36,0.0181688,0.134792,0.00145833,0.03372,0.151875,0.179583,0.129167,0.000428819,0.0110417,0.0391667,0.0266667,0.538125,0.4,0.4,0.533333,0.527083,0.495833,0.441667,0.531875,0.75,0.50375,0.44,0.50375,0.44,-0.05,-0.05,-0.5,0.666667,0.533333,0.583333,0.666667,0.666667,0.1,0.5,0.5,0.4,0.1,0.5,0.666667,0.5,1,0,0,0.25,0.75,0.666667,0.0625,1,0,0.4
"pinfo25q","pinfo25q;q0.667;c0.063;t0.4000","-1.6650000000000002E-16","1","19","PBestGuess12",0.4,0,0,0.1,0.9,0.2,0.2,-0.00625,0,0,0.75,0.36,0.0102094,0.101042,0.00520833,0.024392,0.125833,0.1475,0.109271,0.000225694,0.00770833,0.0358333,0.0233333,0.571875,0.4,0.4,0.570833,0.564583,0.533333,0.404167,0.565625,0.75,0.5375,0.40625,0.5375,0.40625,-0.05,-0.05,-0.5,0.666667,0.570833,0.583333,0.666667,0.666667,0.4,0.5,0.5,0.475,0.4,0.5,0.666667,0.5,1,0,0,0.25,0.75,0.666667,0.0625,1,0,0.4
"pinfo25q","pinfo25q;q0.667;c0.063;t0.4000","-1.6650000000000002E-16","1","19","PBestGuess13",0.4,0,0,0.025,0.975,0.175,0.175,-0.00546875,0,0,0.825,0.36,0.0026856,0.0518229,0.00598958,0.016171,0.104531,0.115417,0.09875,0.000181749,0.00598958,0.0364583,0.0255208,0.620312,0.4125,0.4125,0.620833,0.615365,0.584115,0.353385,0.614844,0.75,0.584375,0.354688,0.584375,0.354688,-0.05,-0.05,-0.5,0.666667,0.620833,0.583333,0.666667,0.666667,0.8,0.5,0.5,0.575,0.8,0.5,0.666667,0.5,1,0,0,0.25,0.75,0.666667,0.0625,1,0,0.4
"pinfo25q","pinfo25q;q0.667;c0.063;t0.4000","-1.6650000000000002E-16","1","19","PBestGuess14",0,,,,,,,,,,,,,,,,,,,,,,,,,,,,,,,,,,,,,,,,,,,,,,,,,,,,,,,,,,,,,
"pinfo25q","pinfo25q;q0.667;c0.063;t0.4000","-1.6650000000000002E-16","1","19","PBestGuess15",0,,,,,,,,,,,,,,,,,,,,,,,,,,,,,,,,,,,,,,,,,,,,,,,,,,,,,,,,,,,,,
"pinfo25q","pinfo25q;q0.667;c0.063;t0.4000","-1.6650000000000002E-16","1","19","PBestGuess16",0,,,,,,,,,,,,,,,,,,,,,,,,,,,,,,,,,,,,,,,,,,,,,,,,,,,,,,,,,,,,,
"pinfo25q","pinfo25q;q0.667;c0.063;t0.4000","-1.6650000000000002E-16","1","19","PBestGuess17",0,,,,,,,,,,,,,,,,,,,,,,,,,,,,,,,,,,,,,,,,,,,,,,,,,,,,,,,,,,,,,
"pinfo25q","pinfo25q;q0.667;c0.063;t0.4000","-1.6650000000000002E-16","1","19","PBestGuess18",0,,,,,,,,,,,,,,,,,,,,,,,,,,,,,,,,,,,,,,,,,,,,,,,,,,,,,,,,,,,,,
"pinfo25q","pinfo25q;q0.667;c0.063;t0.4000","-1.6650000000000002E-16","1","19","PBestGuess19",0,,,,,,,,,,,,,,,,,,,,,,,,,,,,,,,,,,,,,,,,,,,,,,,,,,,,,,,,,,,,,
"pinfo25q","pinfo25q;q0.667;c0.063;t0.4000","-1.6650000000000002E-16","1","19","PBestGuess20",0,,,,,,,,,,,,,,,,,,,,,,,,,,,,,,,,,,,,,,,,,,,,,,,,,,,,,,,,,,,,,
"pinfo25q","pinfo25q;q0.667;c0.063;t0.4000","-1.6650000000000002E-16","1","19","DBestGuess1",0,,,,,,,,,,,,,,,,,,,,,,,,,,,,,,,,,,,,,,,,,,,,,,,,,,,,,,,,,,,,,
"pinfo25q","pinfo25q;q0.667;c0.063;t0.4000","-1.6650000000000002E-16","1","19","DBestGuess2",0,,,,,,,,,,,,,,,,,,,,,,,,,,,,,,,,,,,,,,,,,,,,,,,,,,,,,,,,,,,,,
"pinfo25q","pinfo25q;q0.667;c0.063;t0.4000","-1.6650000000000002E-16","1","19","DBestGuess3",0,,,,,,,,,,,,,,,,,,,,,,,,,,,,,,,,,,,,,,,,,,,,,,,,,,,,,,,,,,,,,
"pinfo25q","pinfo25q;q0.667;c0.063;t0.4000","-1.6650000000000002E-16","1","19","DBestGuess4",0,,,,,,,,,,,,,,,,,,,,,,,,,,,,,,,,,,,,,,,,,,,,,,,,,,,,,,,,,,,,,
"pinfo25q","pinfo25q;q0.667;c0.063;t0.4000","-1.6650000000000002E-16","1","19","DBestGuess5",0,,,,,,,,,,,,,,,,,,,,,,,,,,,,,,,,,,,,,,,,,,,,,,,,,,,,,,,,,,,,,
"pinfo25q","pinfo25q;q0.667;c0.063;t0.4000","-1.6650000000000002E-16","1","19","DBestGuess6",0,,,,,,,,,,,,,,,,,,,,,,,,,,,,,,,,,,,,,,,,,,,,,,,,,,,,,,,,,,,,,
"pinfo25q","pinfo25q;q0.667;c0.063;t0.4000","-1.6650000000000002E-16","1","19","DBestGuess7",0,,,,,,,,,,,,,,,,,,,,,,,,,,,,,,,,,,,,,,,,,,,,,,,,,,,,,,,,,,,,,
"pinfo25q","pinfo25q;q0.667;c0.063;t0.4000","-1.6650000000000002E-16","1","19","DBestGuess8",0,,,,,,,,,,,,,,,,,,,,,,,,,,,,,,,,,,,,,,,,,,,,,,,,,,,,,,,,,,,,,
"pinfo25q","pinfo25q;q0.667;c0.063;t0.4000","-1.6650000000000002E-16","1","19","DBestGuess9",0.1,0,0,0,1,1,1,-0.03125,0,0,0.78,0.25,0.0802778,0.283333,0.03125,0.081567,0.283333,0.314583,0.252083,0.000976563,0.03125,0.0625,0,0.414583,0,0,0.414583,0.383333,0.352083,0.585417,0.383333,,0.352083,0.585417,0.352083,0.585417,-0.05,-0.05,-0.5,0.666667,0.583333,0.414583,0.666667,0.666667,0.5,0.05,0.5,0.1625,0.5,0.05,0.666667,0.5,1,0,0,0.25,0.75,0.666667,0.0625,1,0,0.4
"pinfo25q","pinfo25q;q0.667;c0.063;t0.4000","-1.6650000000000002E-16","1","19","DBestGuess10",0.2,0,0,0,1,0.45,0.45,-0.0140625,0,0,0.78,0.25,0.0440563,0.209896,0.0140625,0.046642,0.209896,0.241146,0.178646,0.000439453,0.0140625,0.0453125,0.0171875,0.470833,0.275,0.275,0.470833,0.456771,0.425521,0.511979,0.456771,,0.425521,0.511979,0.425521,0.511979,-0.05,-0.05,-0.5,0.666667,0.583333,0.470833,0.666667,0.666667,0.5,0.2,0.5,0.275,0.5,0.2,0.666667,0.5,1,0,0,0.25,0.75,0.666667,0.0625,1,0,0.4
"pinfo25q","pinfo25q;q0.667;c0.063;t0.4000","-1.6650000000000002E-16","1","19","DBestGuess11",0.1,0,0,0,1,0,0,0,0,0,0.78,0.25,0.0194835,0.139583,0,0.020773,0.139583,0.170833,0.108333,0,0,0.03125,0.03125,0.527083,0.5,0.5,0.527083,0.527083,0.495833,0.441667,0.527083,,0.495833,0.441667,0.495833,0.441667,-0.05,-0.05,-0.5,0.666667,0.583333,0.527083,0.666667,0.666667,0.5,0.35,0.5,0.3875,0.5,0.35,0.666667,0.5,1,0,0,0.25,0.75,0.666667,0.0625,1,0,0.4
"pinfo25q","pinfo25q;q0.667;c0.063;t0.4000","-1.6650000000000002E-16","1","19","DBestGuess12",0.1,0,0,0,1,0,0,0,0,0,0.78,0.25,0.010421,0.102083,0,0.01171,0.102083,0.133333,0.0708333,0,0,0.03125,0.03125,0.564583,0.5,0.5,0.564583,0.564583,0.533333,0.404167,0.564583,,0.533333,0.404167,0.533333,0.404167,-0.05,-0.05,-0.5,0.666667,0.583333,0.564583,0.666667,0.666667,0.5,0.45,0.5,0.4625,0.5,0.45,0.666667,0.5,1,0,0,0.25,0.75,0.666667,0.0625,1,0,0.4
"pinfo25q","pinfo25q;q0.667;c0.063;t0.4000","-1.6650000000000002E-16","1","19","DBestGuess13",0.2,0,0,0,1,0,0,0,0,0,0.78,0.35,0.0021007,0.0458333,0,0.003741,0.0508333,0.0770833,0.035625,0,0,0.03125,0.03125,0.620833,0.5,0.5,0.620833,0.620833,0.589583,0.347917,0.620833,,0.589583,0.347917,0.589583,0.347917,-0.05,-0.05,-0.5,0.666667,0.583333,0.620833,0.666667,0.666667,0.5,0.6,0.5,0.575,0.5,0.6,0.666667,0.5,1,0,0,0.25,0.75,0.666667,0.0625,1,0,0.4
"pinfo25q","pinfo25q;q0.667;c0.063;t0.4000","-1.6650000000000002E-16","1","19","DBestGuess14",0.1,0,0,0,1,0,0,0,0,0,0.78,0.45,0.0001085,0.0104167,0,0.001398,0.0320833,0.0345833,0.045,0,0,0.03125,0.03125,0.677083,0.5,0.5,0.677083,0.677083,0.645833,0.291667,0.677083,,0.645833,0.291667,0.645833,0.291667,-0.05,-0.05,-0.5,0.666667,0.583333,0.677083,0.666667,0.666667,0.5,0.75,0.5,0.6875,0.5,0.75,0.666667,0.5,1,0,0,0.25,0.75,0.666667,0.0625,1,0,0.4
"pinfo25q","pinfo25q;q0.667;c0.063;t0.4000","-1.6650000000000002E-16","1","19","DBestGuess15",0.1,0,0,0,1,0,0,0,0,0,0.78,0.45,0.002296,0.0479167,0,0.003585,0.0495833,0.0333333,0.0791667,0,0,0.03125,0.03125,0.714583,0.5,0.5,0.714583,0.714583,0.683333,0.254167,0.714583,,0.683333,0.254167,0.683333,0.254167,-0.05,-0.05,-0.5,0.666667,0.583333,0.714583,0.666667,0.666667,0.5,0.85,0.5,0.7625,0.5,0.85,0.666667,0.5,1,0,0,0.25,0.75,0.666667,0.0625,1,0,0.4
"pinfo25q","pinfo25q;q0.667;c0.063;t0.4000","-1.6650000000000002E-16","1","19","DBestGuess16",0.1,0,0,0.7,0.3,0,0,0,0,0,0.78,0.75,0.0094252,0.0970833,0.0116667,0.009898,0.0970833,0.0877083,0.106458,0.000631944,0.0175,0.026875,0.026875,0.76375,0.5,0.5,0.752083,0.752083,0.720833,0.216667,0.76375,0.75,0.754375,0.226875,0.754375,0.226875,-0.05,-0.05,-0.5,0.666667,0.583333,0.752083,0.666667,0.666667,0.5,0.95,0.5,0.8375,0.5,0.95,0.666667,0.5,1,0,0,0.25,0.75,0.666667,0.0625,1,0,0.4
"pinfo25q","pinfo25q;q0.667;c0.063;t0.4000","-1.6650000000000002E-16","1","19","DBestGuess17",0,,,,,,,,,,,,,,,,,,,,,,,,,,,,,,,,,,,,,,,,,,,,,,,,,,,,,,,,,,,,,
"pinfo25q","pinfo25q;q0.667;c0.063;t0.4000","-1.6650000000000002E-16","1","19","DBestGuess18",0,,,,,,,,,,,,,,,,,,,,,,,,,,,,,,,,,,,,,,,,,,,,,,,,,,,,,,,,,,,,,
"pinfo25q","pinfo25q;q0.667;c0.063;t0.4000","-1.6650000000000002E-16","1","19","DBestGuess19",0,,,,,,,,,,,,,,,,,,,,,,,,,,,,,,,,,,,,,,,,,,,,,,,,,,,,,,,,,,,,,
"pinfo25q","pinfo25q;q0.667;c0.063;t0.4000","-1.6650000000000002E-16","1","19","DBestGuess20",0,,,,,,,,,,,,,,,,,,,,,,,,,,,,,,,,,,,,,,,,,,,,,,,,,,,,,,,,,,,,,
