"GroupName","OptionSet","Exploit","Refine","Seconds","Filter","All","PQuits","DQuits","Settles","Trial","Shifting","ShiftingOccursIfTrial","ShiftingValueIfTrial","PQuits","DQuits","POffer","DOffer","DMSAcc","DMSAccL1","DMSTrialRelAccL1","AccSq","Accuracy","Accuracy_ForPlaintiff","Accuracy_ForDefendant","TrialRelativeAccSq","TrialRelativeAccuracy","TrialRelativeAccuracy_ForPlaintiff","TrialRelativeAccuracy_ForDefendant","SettlementOrJudgment","DsProportionOfCost","DsProportionOfCostIfTrial","TrialValuePreShiftingIfOccurs","TrialValueWithShiftingIfOccurs","PTrialEffect_IfOccurs","DTrialEffect_IfOccurs","ResolutionValueIncludingShiftedAmount","SettlementValue","PWealth","DWealth","PWelfare","DWelfare","PQuality","DQuality","NQuality","QualitySum","PBestGuess","DBestGuess","QualitySum_PInfo","QualitySum_DInfo","PBias","DBias","NBias","BiasSum","BiasSum_PInfo","BiasSum_DInfo","Quality","Alpha_Quality","Alpha_Both_Quality","Alpha_Plaintiff_Quality","Alpha_Defendant_Quality","Alpha_Plaintiff_Bias","Alpha_Defendant_Bias","Evidence_Both_Quality","TrialCost","FeeShifting","FSMargin","FeeShiftingThreshold"
"origq","origq;q0.667;c0.250;t0.0100","-3.3310000000000003E-16","1","25","All",1,0,0,0.5,0.5,0,0,0,0,0,0.63,0.45,0.0117361,0.108333,0.025,0.025729,0.135833,0.171167,0.171167,0.00350694,0.0343333,0.0968333,0.0968333,0.558333,0.5,0.5,0.583333,0.583333,0.458333,0.291667,0.558333,0.45,0.495833,0.379167,0.495833,0.379167,-0.05,-0.05,-0.5,0.666667,0.583333,0.583333,0.666667,0.666667,0.5,0.5,0.5,0.5,0.5,0.5,0.666667,0.5,1,0,0,0.666667,0.333333,0.666667,0.25,1,0,0.01
"origq","origq;q0.667;c0.250;t0.0100","-3.3310000000000003E-16","1","25","PBias1",0.1,0,0,1,0,0,0,0,0,0,0.45,0.45,0.0469444,0.216667,0.0166667,0.046944,0.216667,0.216667,0.216667,0.00256944,0.0433333,0.0433333,0.0433333,0.45,0.5,0.5,0.433333,0.433333,0.308333,0.441667,0.45,0.45,0.45,0.55,0.45,0.55,-0.05,-0.05,-0.5,0.666667,0.433333,0.583333,0.666667,0.666667,0.05,0.5,0.5,0.2,0.05,0.5,0.666667,0.5,1,0,0,0.666667,0.333333,0.666667,0.25,1,0,0.01
"origq","origq;q0.667;c0.250;t0.0100","-3.3310000000000003E-16","1","25","PBias2",0.1,0,0,1,0,0,0,0,0,0,0.45,0.45,0.0469444,0.216667,0.0166667,0.046944,0.216667,0.216667,0.216667,0.00256944,0.0433333,0.0433333,0.0433333,0.45,0.5,0.5,0.466667,0.466667,0.341667,0.408333,0.45,0.45,0.45,0.55,0.45,0.55,-0.05,-0.05,-0.5,0.666667,0.466667,0.583333,0.666667,0.666667,0.15,0.5,0.5,0.266667,0.15,0.5,0.666667,0.5,1,0,0,0.666667,0.333333,0.666667,0.25,1,0,0.01
"origq","origq;q0.667;c0.250;t0.0100","-3.3310000000000003E-16","1","25","PBias3",0.1,0,0,1,0,0,0,0,0,0,0.45,0.45,0.0469444,0.216667,0.05,0.046944,0.216667,0.216667,0.216667,0.00479167,0.0566667,0.0566667,0.0566667,0.45,0.5,0.5,0.5,0.5,0.375,0.375,0.45,0.45,0.45,0.55,0.45,0.55,-0.05,-0.05,-0.5,0.666667,0.5,0.583333,0.666667,0.666667,0.25,0.5,0.5,0.333333,0.25,0.5,0.666667,0.5,1,0,0,0.666667,0.333333,0.666667,0.25,1,0,0.01
"origq","origq;q0.667;c0.250;t0.0100","-3.3310000000000003E-16","1","25","PBias4",0.1,0,0,1,0,0,0,0,0,0,0.45,0.45,0.0469444,0.216667,0.0833333,0.046944,0.216667,0.216667,0.216667,0.00923611,0.0833333,0.0833333,0.0833333,0.45,0.5,0.5,0.533333,0.533333,0.408333,0.341667,0.45,0.45,0.45,0.55,0.45,0.55,-0.05,-0.05,-0.5,0.666667,0.533333,0.583333,0.666667,0.666667,0.35,0.5,0.5,0.4,0.35,0.5,0.666667,0.5,1,0,0,0.666667,0.333333,0.666667,0.25,1,0,0.01
"origq","origq;q0.667;c0.250;t0.0100","-3.3310000000000003E-16","1","25","PBias5",0.1,0,0,1,0,0,0,0,0,0,0.45,0.45,0.0469444,0.216667,0.116667,0.046944,0.216667,0.216667,0.216667,0.0159028,0.116667,0.116667,0.116667,0.45,0.5,0.5,0.566667,0.566667,0.441667,0.308333,0.45,0.45,0.45,0.55,0.45,0.55,-0.05,-0.05,-0.5,0.666667,0.566667,0.583333,0.666667,0.666667,0.45,0.5,0.5,0.466667,0.45,0.5,0.666667,0.5,1,0,0,0.666667,0.333333,0.666667,0.25,1,0,0.01
"origq","origq;q0.667;c0.250;t0.0100","-3.3310000000000003E-16","1","25","PBias6",0.1,0,0,0,1,0,0,0,0,0,0.75,0.45,0.0044444,0.0666667,0,0.006736,0.0683333,0.191667,0.0616667,0,0,0.125,0.125,0.6,0.5,0.5,0.6,0.6,0.475,0.275,0.6,,0.475,0.275,0.475,0.275,-0.05,-0.05,-0.5,0.666667,0.6,0.583333,0.666667,0.666667,0.55,0.5,0.5,0.533333,0.55,0.5,0.666667,0.5,1,0,0,0.666667,0.333333,0.666667,0.25,1,0,0.01
"origq","origq;q0.667;c0.250;t0.0100","-3.3310000000000003E-16","1","25","PBias7",0.1,0,0,0,1,0,0,0,0,0,0.75,0.45,0.0011111,0.0333333,0,0.003403,0.0483333,0.158333,0.0916667,0,0,0.125,0.125,0.633333,0.5,0.5,0.633333,0.633333,0.508333,0.241667,0.633333,,0.508333,0.241667,0.508333,0.241667,-0.05,-0.05,-0.5,0.666667,0.633333,0.583333,0.666667,0.666667,0.65,0.5,0.5,0.6,0.65,0.5,0.666667,0.5,1,0,0,0.666667,0.333333,0.666667,0.25,1,0,0.01
"origq","origq;q0.667;c0.250;t0.0100","-3.3310000000000003E-16","1","25","PBias8",0.1,0,0,0,1,0,0,0,0,0,0.85,0.45,1.881E-33,4.33681E-17,0,0.002292,0.0416667,0.125,0.125,0,0,0.125,0.125,0.666667,0.5,0.5,0.666667,0.666667,0.541667,0.208333,0.666667,,0.541667,0.208333,0.541667,0.208333,-0.05,-0.05,-0.5,0.666667,0.666667,0.583333,0.666667,0.666667,0.75,0.5,0.5,0.666667,0.75,0.5,0.666667,0.5,1,0,0,0.666667,0.333333,0.666667,0.25,1,0,0.01
"origq","origq;q0.667;c0.250;t0.0100","-3.3310000000000003E-16","1","25","PBias9",0.1,0,0,0,1,0,0,0,0,0,0.85,0.45,0.0011111,0.0333333,0,0.003403,0.0483333,0.0916667,0.158333,0,0,0.125,0.125,0.7,0.5,0.5,0.7,0.7,0.575,0.175,0.7,,0.575,0.175,0.575,0.175,-0.05,-0.05,-0.5,0.666667,0.7,0.583333,0.666667,0.666667,0.85,0.5,0.5,0.733333,0.85,0.5,0.666667,0.5,1,0,0,0.666667,0.333333,0.666667,0.25,1,0,0.01
"origq","origq;q0.667;c0.250;t0.0100","-3.3310000000000003E-16","1","25","PBias10",0.1,0,0,0,1,0,0,0,0,0,0.85,0.45,0.0044444,0.0666667,0,0.006736,0.0683333,0.0616667,0.191667,0,0,0.125,0.125,0.733333,0.5,0.5,0.733333,0.733333,0.608333,0.141667,0.733333,,0.608333,0.141667,0.608333,0.141667,-0.05,-0.05,-0.5,0.666667,0.733333,0.583333,0.666667,0.666667,0.95,0.5,0.5,0.8,0.95,0.5,0.666667,0.5,1,0,0,0.666667,0.333333,0.666667,0.25,1,0,0.01
"origq","origq;q0.667;c0.250;t0.0100","-3.3310000000000003E-16","1","25","DBias1",0.1,0,0,0.5,0.5,0,0,0,0,0,0.63,0.45,0.0212674,0.145833,0.0125,0.027396,0.145833,0.208333,0.136667,0.00142361,0.0225,0.085,0.085,0.520833,0.5,0.5,0.508333,0.508333,0.383333,0.366667,0.520833,0.45,0.458333,0.416667,0.458333,0.416667,-0.05,-0.05,-0.5,0.666667,0.583333,0.508333,0.666667,0.666667,0.5,0.05,0.5,0.35,0.5,0.05,0.666667,0.5,1,0,0,0.666667,0.333333,0.666667,0.25,1,0,0.01
"origq","origq;q0.667;c0.250;t0.0100","-3.3310000000000003E-16","1","25","DBias2",0.1,0,0,0.5,0.5,0,0,0,0,0,0.63,0.45,0.0189062,0.1375,0.00416667,0.026285,0.139167,0.2,0.141667,0.00114583,0.0208333,0.0833333,0.0833333,0.529167,0.5,0.5,0.525,0.525,0.4,0.35,0.529167,0.45,0.466667,0.408333,0.466667,0.408333,-0.05,-0.05,-0.5,0.666667,0.583333,0.525,0.666667,0.666667,0.5,0.15,0.5,0.383333,0.5,0.15,0.666667,0.5,1,0,0,0.666667,0.333333,0.666667,0.25,1,0,0.01
"origq","origq;q0.667;c0.250;t0.0100","-3.3310000000000003E-16","1","25","DBias3",0.1,0,0,0.5,0.5,0,0,0,0,0,0.63,0.45,0.016684,0.129167,0.00416667,0.025451,0.134167,0.191667,0.15,0.00114583,0.0208333,0.0833333,0.0833333,0.5375,0.5,0.5,0.541667,0.541667,0.416667,0.333333,0.5375,0.45,0.475,0.4,0.475,0.4,-0.05,-0.05,-0.5,0.666667,0.583333,0.541667,0.666667,0.666667,0.5,0.25,0.5,0.416667,0.5,0.25,0.666667,0.5,1,0,0,0.666667,0.333333,0.666667,0.25,1,0,0.01
"origq","origq;q0.667;c0.250;t0.0100","-3.3310000000000003E-16","1","25","DBias4",0.1,0,0,0.5,0.5,0,0,0,0,0,0.63,0.45,0.0146007,0.120833,0.0125,0.024896,0.130833,0.183333,0.158333,0.00142361,0.0225,0.085,0.085,0.545833,0.5,0.5,0.558333,0.558333,0.433333,0.316667,0.545833,0.45,0.483333,0.391667,0.483333,0.391667,-0.05,-0.05,-0.5,0.666667,0.583333,0.558333,0.666667,0.666667,0.5,0.35,0.5,0.45,0.5,0.35,0.666667,0.5,1,0,0,0.666667,0.333333,0.666667,0.25,1,0,0.01
"origq","origq;q0.667;c0.250;t0.0100","-3.3310000000000003E-16","1","25","DBias5",0.1,0,0,0.5,0.5,0,0,0,0,0,0.63,0.45,0.0126562,0.1125,0.0208333,0.024618,0.129167,0.175,0.166667,0.00197917,0.0258333,0.0883333,0.0883333,0.554167,0.5,0.5,0.575,0.575,0.45,0.3,0.554167,0.45,0.491667,0.383333,0.491667,0.383333,-0.05,-0.05,-0.5,0.666667,0.583333,0.575,0.666667,0.666667,0.5,0.45,0.5,0.483333,0.5,0.45,0.666667,0.5,1,0,0,0.666667,0.333333,0.666667,0.25,1,0,0.01
"origq","origq;q0.667;c0.250;t0.0100","-3.3310000000000003E-16","1","25","DBias6",0.1,0,0,0.5,0.5,0,0,0,0,0,0.63,0.45,0.0108507,0.104167,0.0291667,0.024618,0.129167,0.166667,0.175,0.0028125,0.0308333,0.0933333,0.0933333,0.5625,0.5,0.5,0.591667,0.591667,0.466667,0.283333,0.5625,0.45,0.5,0.375,0.5,0.375,-0.05,-0.05,-0.5,0.666667,0.583333,0.591667,0.666667,0.666667,0.5,0.55,0.5,0.516667,0.5,0.55,0.666667,0.5,1,0,0,0.666667,0.333333,0.666667,0.25,1,0,0.01
"origq","origq;q0.667;c0.250;t0.0100","-3.3310000000000003E-16","1","25","DBias7",0.1,0,0,0.5,0.5,0,0,0,0,0,0.63,0.45,0.009184,0.0958333,0.0375,0.024896,0.130833,0.158333,0.183333,0.00392361,0.0375,0.1,0.1,0.570833,0.5,0.5,0.608333,0.608333,0.483333,0.266667,0.570833,0.45,0.508333,0.366667,0.508333,0.366667,-0.05,-0.05,-0.5,0.666667,0.583333,0.608333,0.666667,0.666667,0.5,0.65,0.5,0.55,0.5,0.65,0.666667,0.5,1,0,0,0.666667,0.333333,0.666667,0.25,1,0,0.01
"origq","origq;q0.667;c0.250;t0.0100","-3.3310000000000003E-16","1","25","DBias8",0.1,0,0,0.5,0.5,0,0,0,0,0,0.63,0.45,0.0076562,0.0875,0.0458333,0.025451,0.134167,0.15,0.191667,0.0053125,0.0458333,0.108333,0.108333,0.579167,0.5,0.5,0.625,0.625,0.5,0.25,0.579167,0.45,0.516667,0.358333,0.516667,0.358333,-0.05,-0.05,-0.5,0.666667,0.583333,0.625,0.666667,0.666667,0.5,0.75,0.5,0.583333,0.5,0.75,0.666667,0.5,1,0,0,0.666667,0.333333,0.666667,0.25,1,0,0.01
"origq","origq;q0.667;c0.250;t0.0100","-3.3310000000000003E-16","1","25","DBias9",0.1,0,0,0.5,0.5,0,0,0,0,0,0.63,0.45,0.0062674,0.0791667,0.0541667,0.026285,0.139167,0.141667,0.2,0.00697917,0.0541667,0.116667,0.116667,0.5875,0.5,0.5,0.641667,0.641667,0.516667,0.233333,0.5875,0.45,0.525,0.35,0.525,0.35,-0.05,-0.05,-0.5,0.666667,0.583333,0.641667,0.666667,0.666667,0.5,0.85,0.5,0.616667,0.5,0.85,0.666667,0.5,1,0,0,0.666667,0.333333,0.666667,0.25,1,0,0.01
"origq","origq;q0.667;c0.250;t0.0100","-3.3310000000000003E-16","1","25","DBias10",0.1,0,0,0.5,0.5,0,0,0,0,0,0.63,0.45,0.0050174,0.0708333,0.0625,0.027396,0.145833,0.136667,0.208333,0.00892361,0.0625,0.125,0.125,0.595833,0.5,0.5,0.658333,0.658333,0.533333,0.216667,0.595833,0.45,0.533333,0.341667,0.533333,0.341667,-0.05,-0.05,-0.5,0.666667,0.583333,0.658333,0.666667,0.666667,0.5,0.95,0.5,0.65,0.5,0.95,0.666667,0.5,1,0,0,0.666667,0.333333,0.666667,0.25,1,0,0.01
"origq","origq;q0.667;c0.250;t0.0100","-3.3310000000000003E-16","1","25","POffer1",0,,,,,,,,,,,,,,,,,,,,,,,,,,,,,,,,,,,,,,,,,,,,,,,,,,,,,,,,,,,,,
"origq","origq;q0.667;c0.250;t0.0100","-3.3310000000000003E-16","1","25","POffer2",0,,,,,,,,,,,,,,,,,,,,,,,,,,,,,,,,,,,,,,,,,,,,,,,,,,,,,,,,,,,,,
"origq","origq;q0.667;c0.250;t0.0100","-3.3310000000000003E-16","1","25","POffer3",0,,,,,,,,,,,,,,,,,,,,,,,,,,,,,,,,,,,,,,,,,,,,,,,,,,,,,,,,,,,,,
"origq","origq;q0.667;c0.250;t0.0100","-3.3310000000000003E-16","1","25","POffer4",0,,,,,,,,,,,,,,,,,,,,,,,,,,,,,,,,,,,,,,,,,,,,,,,,,,,,,,,,,,,,,
"origq","origq;q0.667;c0.250;t0.0100","-3.3310000000000003E-16","1","25","POffer5",0,,,,,,,,,,,,,,,,,,,,,,,,,,,,,,,,,,,,,,,,,,,,,,,,,,,,,,,,,,,,,
"origq","origq;q0.667;c0.250;t0.0100","-3.3310000000000003E-16","1","25","POffer6",0.5,0,0,1,0,0,0,0,0,0,0.45,0.45,0.0469444,0.216667,0.05,0.046944,0.216667,0.216667,0.216667,0.00701389,0.0686667,0.0686667,0.0686667,0.45,0.5,0.5,0.5,0.5,0.375,0.375,0.45,0.45,0.45,0.55,0.45,0.55,-0.05,-0.05,-0.5,0.666667,0.5,0.583333,0.666667,0.666667,0.25,0.5,0.5,0.333333,0.25,0.5,0.666667,0.5,1,0,0,0.666667,0.333333,0.666667,0.25,1,0,0.01
"origq","origq;q0.667;c0.250;t0.0100","-3.3310000000000003E-16","1","25","POffer7",0,,,,,,,,,,,,,,,,,,,,,,,,,,,,,,,,,,,,,,,,,,,,,,,,,,,,,,,,,,,,,
"origq","origq;q0.667;c0.250;t0.0100","-3.3310000000000003E-16","1","25","POffer8",0,,,,,,,,,,,,,,,,,,,,,,,,,,,,,,,,,,,,,,,,,,,,,,,,,,,,,,,,,,,,,
"origq","origq;q0.667;c0.250;t0.0100","-3.3310000000000003E-16","1","25","POffer9",0.2,0,0,0,1,0,0,0,0,0,0.75,0.45,0.0025,0.05,0,0.005069,0.0583333,0.175,0.0766667,0,0,0.125,0.125,0.616667,0.5,0.5,0.616667,0.616667,0.491667,0.258333,0.616667,,0.491667,0.258333,0.491667,0.258333,-0.05,-0.05,-0.5,0.666667,0.616667,0.583333,0.666667,0.666667,0.6,0.5,0.5,0.566667,0.6,0.5,0.666667,0.5,1,0,0,0.666667,0.333333,0.666667,0.25,1,0,0.01
"origq","origq;q0.667;c0.250;t0.0100","-3.3310000000000003E-16","1","25","POffer10",0.3,0,0,0,1,0,0,0,0,0,0.85,0.45,0.0011111,0.0333333,0,0.004144,0.0527778,0.0927778,0.158333,0,0,0.125,0.125,0.7,0.5,0.5,0.7,0.7,0.575,0.175,0.7,,0.575,0.175,0.575,0.175,-0.05,-0.05,-0.5,0.666667,0.7,0.583333,0.666667,0.666667,0.85,0.5,0.5,0.733333,0.85,0.5,0.666667,0.5,1,0,0,0.666667,0.333333,0.666667,0.25,1,0,0.01
"origq","origq;q0.667;c0.250;t0.0100","-3.3310000000000003E-16","1","25","POffer11",0,,,,,,,,,,,,,,,,,,,,,,,,,,,,,,,,,,,,,,,,,,,,,,,,,,,,,,,,,,,,,
"origq","origq;q0.667;c0.250;t0.0100","-3.3310000000000003E-16","1","25","POffer12",0,,,,,,,,,,,,,,,,,,,,,,,,,,,,,,,,,,,,,,,,,,,,,,,,,,,,,,,,,,,,,
"origq","origq;q0.667;c0.250;t0.0100","-3.3310000000000003E-16","1","25","DOffer1",0,,,,,,,,,,,,,,,,,,,,,,,,,,,,,,,,,,,,,,,,,,,,,,,,,,,,,,,,,,,,,
"origq","origq;q0.667;c0.250;t0.0100","-3.3310000000000003E-16","1","25","DOffer2",0,,,,,,,,,,,,,,,,,,,,,,,,,,,,,,,,,,,,,,,,,,,,,,,,,,,,,,,,,,,,,
"origq","origq;q0.667;c0.250;t0.0100","-3.3310000000000003E-16","1","25","DOffer3",0,,,,,,,,,,,,,,,,,,,,,,,,,,,,,,,,,,,,,,,,,,,,,,,,,,,,,,,,,,,,,
"origq","origq;q0.667;c0.250;t0.0100","-3.3310000000000003E-16","1","25","DOffer4",0,,,,,,,,,,,,,,,,,,,,,,,,,,,,,,,,,,,,,,,,,,,,,,,,,,,,,,,,,,,,,
"origq","origq;q0.667;c0.250;t0.0100","-3.3310000000000003E-16","1","25","DOffer5",0,,,,,,,,,,,,,,,,,,,,,,,,,,,,,,,,,,,,,,,,,,,,,,,,,,,,,,,,,,,,,
"origq","origq;q0.667;c0.250;t0.0100","-3.3310000000000003E-16","1","25","DOffer6",1,0,0,0.5,0.5,0,0,0,0,0,0.63,0.45,0.0117361,0.108333,0.025,0.025729,0.135833,0.171167,0.171167,0.00350694,0.0343333,0.0968333,0.0968333,0.558333,0.5,0.5,0.583333,0.583333,0.458333,0.291667,0.558333,0.45,0.495833,0.379167,0.495833,0.379167,-0.05,-0.05,-0.5,0.666667,0.583333,0.583333,0.666667,0.666667,0.5,0.5,0.5,0.5,0.5,0.5,0.666667,0.5,1,0,0,0.666667,0.333333,0.666667,0.25,1,0,0.01
"origq","origq;q0.667;c0.250;t0.0100","-3.3310000000000003E-16","1","25","DOffer7",0,,,,,,,,,,,,,,,,,,,,,,,,,,,,,,,,,,,,,,,,,,,,,,,,,,,,,,,,,,,,,
"origq","origq;q0.667;c0.250;t0.0100","-3.3310000000000003E-16","1","25","DOffer8",0,,,,,,,,,,,,,,,,,,,,,,,,,,,,,,,,,,,,,,,,,,,,,,,,,,,,,,,,,,,,,
"origq","origq;q0.667;c0.250;t0.0100","-3.3310000000000003E-16","1","25","DOffer9",0,,,,,,,,,,,,,,,,,,,,,,,,,,,,,,,,,,,,,,,,,,,,,,,,,,,,,,,,,,,,,
"origq","origq;q0.667;c0.250;t0.0100","-3.3310000000000003E-16","1","25","DOffer10",0,,,,,,,,,,,,,,,,,,,,,,,,,,,,,,,,,,,,,,,,,,,,,,,,,,,,,,,,,,,,,
"origq","origq;q0.667;c0.250;t0.0100","-3.3310000000000003E-16","1","25","DOffer11",0,,,,,,,,,,,,,,,,,,,,,,,,,,,,,,,,,,,,,,,,,,,,,,,,,,,,,,,,,,,,,
"origq","origq;q0.667;c0.250;t0.0100","-3.3310000000000003E-16","1","25","DOffer12",0,,,,,,,,,,,,,,,,,,,,,,,,,,,,,,,,,,,,,,,,,,,,,,,,,,,,,,,,,,,,,
"origq","origq;q0.667;c0.250;t0.0100","-3.3310000000000003E-16","1","25","QualitySum1",0,,,,,,,,,,,,,,,,,,,,,,,,,,,,,,,,,,,,,,,,,,,,,,,,,,,,,,,,,,,,,
"origq","origq;q0.667;c0.250;t0.0100","-3.3310000000000003E-16","1","25","QualitySum2",0,,,,,,,,,,,,,,,,,,,,,,,,,,,,,,,,,,,,,,,,,,,,,,,,,,,,,,,,,,,,,
"origq","origq;q0.667;c0.250;t0.0100","-3.3310000000000003E-16","1","25","QualitySum3",0,,,,,,,,,,,,,,,,,,,,,,,,,,,,,,,,,,,,,,,,,,,,,,,,,,,,,,,,,,,,,
"origq","origq;q0.667;c0.250;t0.0100","-3.3310000000000003E-16","1","25","QualitySum4",0,,,,,,,,,,,,,,,,,,,,,,,,,,,,,,,,,,,,,,,,,,,,,,,,,,,,,,,,,,,,,
"origq","origq;q0.667;c0.250;t0.0100","-3.3310000000000003E-16","1","25","QualitySum5",0,,,,,,,,,,,,,,,,,,,,,,,,,,,,,,,,,,,,,,,,,,,,,,,,,,,,,,,,,,,,,
"origq","origq;q0.667;c0.250;t0.0100","-3.3310000000000003E-16","1","25","QualitySum6",0,,,,,,,,,,,,,,,,,,,,,,,,,,,,,,,,,,,,,,,,,,,,,,,,,,,,,,,,,,,,,
"origq","origq;q0.667;c0.250;t0.0100","-3.3310000000000003E-16","1","25","QualitySum7",0,,,,,,,,,,,,,,,,,,,,,,,,,,,,,,,,,,,,,,,,,,,,,,,,,,,,,,,,,,,,,
"origq","origq;q0.667;c0.250;t0.0100","-3.3310000000000003E-16","1","25","QualitySum8",0,,,,,,,,,,,,,,,,,,,,,,,,,,,,,,,,,,,,,,,,,,,,,,,,,,,,,,,,,,,,,
"origq","origq;q0.667;c0.250;t0.0100","-3.3310000000000003E-16","1","25","QualitySum9",0,,,,,,,,,,,,,,,,,,,,,,,,,,,,,,,,,,,,,,,,,,,,,,,,,,,,,,,,,,,,,
"origq","origq;q0.667;c0.250;t0.0100","-3.3310000000000003E-16","1","25","QualitySum10",0,,,,,,,,,,,,,,,,,,,,,,,,,,,,,,,,,,,,,,,,,,,,,,,,,,,,,,,,,,,,,
"origq","origq;q0.667;c0.250;t0.0100","-3.3310000000000003E-16","1","25","QualitySum11",0,,,,,,,,,,,,,,,,,,,,,,,,,,,,,,,,,,,,,,,,,,,,,,,,,,,,,,,,,,,,,
"origq","origq;q0.667;c0.250;t0.0100","-3.3310000000000003E-16","1","25","QualitySum12",0,,,,,,,,,,,,,,,,,,,,,,,,,,,,,,,,,,,,,,,,,,,,,,,,,,,,,,,,,,,,,
"origq","origq;q0.667;c0.250;t0.0100","-3.3310000000000003E-16","1","25","QualitySum13",0,,,,,,,,,,,,,,,,,,,,,,,,,,,,,,,,,,,,,,,,,,,,,,,,,,,,,,,,,,,,,
"origq","origq;q0.667;c0.250;t0.0100","-3.3310000000000003E-16","1","25","QualitySum14",1,0,0,0.5,0.5,0,0,0,0,0,0.63,0.45,0.0117361,0.108333,0.025,0.025729,0.135833,0.171167,0.171167,0.00350694,0.0343333,0.0968333,0.0968333,0.558333,0.5,0.5,0.583333,0.583333,0.458333,0.291667,0.558333,0.45,0.495833,0.379167,0.495833,0.379167,-0.05,-0.05,-0.5,0.666667,0.583333,0.583333,0.666667,0.666667,0.5,0.5,0.5,0.5,0.5,0.5,0.666667,0.5,1,0,0,0.666667,0.333333,0.666667,0.25,1,0,0.01
"origq","origq;q0.667;c0.250;t0.0100","-3.3310000000000003E-16","1","25","QualitySum15",0,,,,,,,,,,,,,,,,,,,,,,,,,,,,,,,,,,,,,,,,,,,,,,,,,,,,,,,,,,,,,
"origq","origq;q0.667;c0.250;t0.0100","-3.3310000000000003E-16","1","25","QualitySum16",0,,,,,,,,,,,,,,,,,,,,,,,,,,,,,,,,,,,,,,,,,,,,,,,,,,,,,,,,,,,,,
"origq","origq;q0.667;c0.250;t0.0100","-3.3310000000000003E-16","1","25","QualitySum17",0,,,,,,,,,,,,,,,,,,,,,,,,,,,,,,,,,,,,,,,,,,,,,,,,,,,,,,,,,,,,,
"origq","origq;q0.667;c0.250;t0.0100","-3.3310000000000003E-16","1","25","QualitySum18",0,,,,,,,,,,,,,,,,,,,,,,,,,,,,,,,,,,,,,,,,,,,,,,,,,,,,,,,,,,,,,
"origq","origq;q0.667;c0.250;t0.0100","-3.3310000000000003E-16","1","25","QualitySum19",0,,,,,,,,,,,,,,,,,,,,,,,,,,,,,,,,,,,,,,,,,,,,,,,,,,,,,,,,,,,,,
"origq","origq;q0.667;c0.250;t0.0100","-3.3310000000000003E-16","1","25","QualitySum20",0,,,,,,,,,,,,,,,,,,,,,,,,,,,,,,,,,,,,,,,,,,,,,,,,,,,,,,,,,,,,,
"origq","origq;q0.667;c0.250;t0.0100","-3.3310000000000003E-16","1","25","PBestGuess1",0,,,,,,,,,,,,,,,,,,,,,,,,,,,,,,,,,,,,,,,,,,,,,,,,,,,,,,,,,,,,,
"origq","origq;q0.667;c0.250;t0.0100","-3.3310000000000003E-16","1","25","PBestGuess2",0,,,,,,,,,,,,,,,,,,,,,,,,,,,,,,,,,,,,,,,,,,,,,,,,,,,,,,,,,,,,,
"origq","origq;q0.667;c0.250;t0.0100","-3.3310000000000003E-16","1","25","PBestGuess3",0,,,,,,,,,,,,,,,,,,,,,,,,,,,,,,,,,,,,,,,,,,,,,,,,,,,,,,,,,,,,,
"origq","origq;q0.667;c0.250;t0.0100","-3.3310000000000003E-16","1","25","PBestGuess4",0,,,,,,,,,,,,,,,,,,,,,,,,,,,,,,,,,,,,,,,,,,,,,,,,,,,,,,,,,,,,,
"origq","origq;q0.667;c0.250;t0.0100","-3.3310000000000003E-16","1","25","PBestGuess5",0,,,,,,,,,,,,,,,,,,,,,,,,,,,,,,,,,,,,,,,,,,,,,,,,,,,,,,,,,,,,,
"origq","origq;q0.667;c0.250;t0.0100","-3.3310000000000003E-16","1","25","PBestGuess6",0,,,,,,,,,,,,,,,,,,,,,,,,,,,,,,,,,,,,,,,,,,,,,,,,,,,,,,,,,,,,,
"origq","origq;q0.667;c0.250;t0.0100","-3.3310000000000003E-16","1","25","PBestGuess7",0,,,,,,,,,,,,,,,,,,,,,,,,,,,,,,,,,,,,,,,,,,,,,,,,,,,,,,,,,,,,,
"origq","origq;q0.667;c0.250;t0.0100","-3.3310000000000003E-16","1","25","PBestGuess8",0,,,,,,,,,,,,,,,,,,,,,,,,,,,,,,,,,,,,,,,,,,,,,,,,,,,,,,,,,,,,,
"origq","origq;q0.667;c0.250;t0.0100","-3.3310000000000003E-16","1","25","PBestGuess9",0.1,0,0,1,0,0,0,0,0,0,0.45,0.45,0.0469444,0.216667,0.0166667,0.046944,0.216667,0.216667,0.216667,0.00256944,0.0433333,0.0433333,0.0433333,0.45,0.5,0.5,0.433333,0.433333,0.308333,0.441667,0.45,0.45,0.45,0.55,0.45,0.55,-0.05,-0.05,-0.5,0.666667,0.433333,0.583333,0.666667,0.666667,0.05,0.5,0.5,0.2,0.05,0.5,0.666667,0.5,1,0,0,0.666667,0.333333,0.666667,0.25,1,0,0.01
"origq","origq;q0.667;c0.250;t0.0100","-3.3310000000000003E-16","1","25","PBestGuess10",0.1,0,0,1,0,0,0,0,0,0,0.45,0.45,0.0469444,0.216667,0.0166667,0.046944,0.216667,0.216667,0.216667,0.00256944,0.0433333,0.0433333,0.0433333,0.45,0.5,0.5,0.466667,0.466667,0.341667,0.408333,0.45,0.45,0.45,0.55,0.45,0.55,-0.05,-0.05,-0.5,0.666667,0.466667,0.583333,0.666667,0.666667,0.15,0.5,0.5,0.266667,0.15,0.5,0.666667,0.5,1,0,0,0.666667,0.333333,0.666667,0.25,1,0,0.01
"origq","origq;q0.667;c0.250;t0.0100","-3.3310000000000003E-16","1","25","PBestGuess11",0.2,0,0,1,0,0,0,0,0,0,0.45,0.45,0.0469444,0.216667,0.0666667,0.046944,0.216667,0.216667,0.216667,0.00701389,0.07,0.07,0.07,0.45,0.5,0.5,0.516667,0.516667,0.391667,0.358333,0.45,0.45,0.45,0.55,0.45,0.55,-0.05,-0.05,-0.5,0.666667,0.516667,0.583333,0.666667,0.666667,0.3,0.5,0.5,0.366667,0.3,0.5,0.666667,0.5,1,0,0,0.666667,0.333333,0.666667,0.25,1,0,0.01
"origq","origq;q0.667;c0.250;t0.0100","-3.3310000000000003E-16","1","25","PBestGuess12",0.1,0,0,1,0,0,0,0,0,0,0.45,0.45,0.0469444,0.216667,0.116667,0.046944,0.216667,0.216667,0.216667,0.0159028,0.116667,0.116667,0.116667,0.45,0.5,0.5,0.566667,0.566667,0.441667,0.308333,0.45,0.45,0.45,0.55,0.45,0.55,-0.05,-0.05,-0.5,0.666667,0.566667,0.583333,0.666667,0.666667,0.45,0.5,0.5,0.466667,0.45,0.5,0.666667,0.5,1,0,0,0.666667,0.333333,0.666667,0.25,1,0,0.01
"origq","origq;q0.667;c0.250;t0.0100","-3.3310000000000003E-16","1","25","PBestGuess13",0.2,0,0,0,1,0,0,0,0,0,0.75,0.45,0.0025,0.05,0,0.005069,0.0583333,0.175,0.0766667,0,0,0.125,0.125,0.616667,0.5,0.5,0.616667,0.616667,0.491667,0.258333,0.616667,,0.491667,0.258333,0.491667,0.258333,-0.05,-0.05,-0.5,0.666667,0.616667,0.583333,0.666667,0.666667,0.6,0.5,0.5,0.566667,0.6,0.5,0.666667,0.5,1,0,0,0.666667,0.333333,0.666667,0.25,1,0,0.01
"origq","origq;q0.667;c0.250;t0.0100","-3.3310000000000003E-16","1","25","PBestGuess14",0.2,0,0,0,1,0,0,0,0,0,0.85,0.45,0.0002778,0.0166667,0,0.002847,0.045,0.108333,0.141667,0,0,0.125,0.125,0.683333,0.5,0.5,0.683333,0.683333,0.558333,0.191667,0.683333,,0.558333,0.191667,0.558333,0.191667,-0.05,-0.05,-0.5,0.666667,0.683333,0.583333,0.666667,0.666667,0.8,0.5,0.5,0.7,0.8,0.5,0.666667,0.5,1,0,0,0.666667,0.333333,0.666667,0.25,1,0,0.01
"origq","origq;q0.667;c0.250;t0.0100","-3.3310000000000003E-16","1","25","PBestGuess15",0.1,0,0,0,1,0,0,0,0,0,0.85,0.45,0.0044444,0.0666667,0,0.006736,0.0683333,0.0616667,0.191667,0,0,0.125,0.125,0.733333,0.5,0.5,0.733333,0.733333,0.608333,0.141667,0.733333,,0.608333,0.141667,0.608333,0.141667,-0.05,-0.05,-0.5,0.666667,0.733333,0.583333,0.666667,0.666667,0.95,0.5,0.5,0.8,0.95,0.5,0.666667,0.5,1,0,0,0.666667,0.333333,0.666667,0.25,1,0,0.01
"origq","origq;q0.667;c0.250;t0.0100","-3.3310000000000003E-16","1","25","PBestGuess16",0,,,,,,,,,,,,,,,,,,,,,,,,,,,,,,,,,,,,,,,,,,,,,,,,,,,,,,,,,,,,,
"origq","origq;q0.667;c0.250;t0.0100","-3.3310000000000003E-16","1","25","PBestGuess17",0,,,,,,,,,,,,,,,,,,,,,,,,,,,,,,,,,,,,,,,,,,,,,,,,,,,,,,,,,,,,,
"origq","origq;q0.667;c0.250;t0.0100","-3.3310000000000003E-16","1","25","PBestGuess18",0,,,,,,,,,,,,,,,,,,,,,,,,,,,,,,,,,,,,,,,,,,,,,,,,,,,,,,,,,,,,,
"origq","origq;q0.667;c0.250;t0.0100","-3.3310000000000003E-16","1","25","PBestGuess19",0,,,,,,,,,,,,,,,,,,,,,,,,,,,,,,,,,,,,,,,,,,,,,,,,,,,,,,,,,,,,,
"origq","origq;q0.667;c0.250;t0.0100","-3.3310000000000003E-16","1","25","PBestGuess20",0,,,,,,,,,,,,,,,,,,,,,,,,,,,,,,,,,,,,,,,,,,,,,,,,,,,,,,,,,,,,,
"origq","origq;q0.667;c0.250;t0.0100","-3.3310000000000003E-16","1","25","DBestGuess1",0,,,,,,,,,,,,,,,,,,,,,,,,,,,,,,,,,,,,,,,,,,,,,,,,,,,,,,,,,,,,,
"origq","origq;q0.667;c0.250;t0.0100","-3.3310000000000003E-16","1","25","DBestGuess2",0,,,,,,,,,,,,,,,,,,,,,,,,,,,,,,,,,,,,,,,,,,,,,,,,,,,,,,,,,,,,,
"origq","origq;q0.667;c0.250;t0.0100","-3.3310000000000003E-16","1","25","DBestGuess3",0,,,,,,,,,,,,,,,,,,,,,,,,,,,,,,,,,,,,,,,,,,,,,,,,,,,,,,,,,,,,,
"origq","origq;q0.667;c0.250;t0.0100","-3.3310000000000003E-16","1","25","DBestGuess4",0,,,,,,,,,,,,,,,,,,,,,,,,,,,,,,,,,,,,,,,,,,,,,,,,,,,,,,,,,,,,,
"origq","origq;q0.667;c0.250;t0.0100","-3.3310000000000003E-16","1","25","DBestGuess5",0,,,,,,,,,,,,,,,,,,,,,,,,,,,,,,,,,,,,,,,,,,,,,,,,,,,,,,,,,,,,,
"origq","origq;q0.667;c0.250;t0.0100","-3.3310000000000003E-16","1","25","DBestGuess6",0,,,,,,,,,,,,,,,,,,,,,,,,,,,,,,,,,,,,,,,,,,,,,,,,,,,,,,,,,,,,,
"origq","origq;q0.667;c0.250;t0.0100","-3.3310000000000003E-16","1","25","DBestGuess7",0,,,,,,,,,,,,,,,,,,,,,,,,,,,,,,,,,,,,,,,,,,,,,,,,,,,,,,,,,,,,,
"origq","origq;q0.667;c0.250;t0.0100","-3.3310000000000003E-16","1","25","DBestGuess8",0,,,,,,,,,,,,,,,,,,,,,,,,,,,,,,,,,,,,,,,,,,,,,,,,,,,,,,,,,,,,,
"origq","origq;q0.667;c0.250;t0.0100","-3.3310000000000003E-16","1","25","DBestGuess9",0,,,,,,,,,,,,,,,,,,,,,,,,,,,,,,,,,,,,,,,,,,,,,,,,,,,,,,,,,,,,,
"origq","origq;q0.667;c0.250;t0.0100","-3.3310000000000003E-16","1","25","DBestGuess10",0,,,,,,,,,,,,,,,,,,,,,,,,,,,,,,,,,,,,,,,,,,,,,,,,,,,,,,,,,,,,,
"origq","origq;q0.667;c0.250;t0.0100","-3.3310000000000003E-16","1","25","DBestGuess11",0.3,0,0,0.5,0.5,0,0,0,0,0,0.63,0.45,0.0189063,0.1375,0.00416667,0.026377,0.139722,0.2,0.142778,0.00123843,0.0213889,0.0838889,0.0838889,0.529167,0.5,0.5,0.525,0.525,0.4,0.35,0.529167,0.45,0.466667,0.408333,0.466667,0.408333,-0.05,-0.05,-0.5,0.666667,0.583333,0.525,0.666667,0.666667,0.5,0.15,0.5,0.383333,0.5,0.15,0.666667,0.5,1,0,0,0.666667,0.333333,0.666667,0.25,1,0,0.01
"origq","origq;q0.667;c0.250;t0.0100","-3.3310000000000003E-16","1","25","DBestGuess12",0.3,0,0,0.5,0.5,0,0,0,0,0,0.63,0.45,0.0126563,0.1125,0.0208333,0.024711,0.129722,0.175,0.166667,0.00207176,0.0263889,0.0888889,0.0888889,0.554167,0.5,0.5,0.575,0.575,0.45,0.3,0.554167,0.45,0.491667,0.383333,0.491667,0.383333,-0.05,-0.05,-0.5,0.666667,0.583333,0.575,0.666667,0.666667,0.5,0.45,0.5,0.483333,0.5,0.45,0.666667,0.5,1,0,0,0.666667,0.333333,0.666667,0.25,1,0,0.01
"origq","origq;q0.667;c0.250;t0.0100","-3.3310000000000003E-16","1","25","DBestGuess13",0.3,0,0,0.5,0.5,0,0,0,0,0,0.63,0.45,0.0076563,0.0875,0.0458333,0.025544,0.134722,0.15,0.191667,0.00540509,0.0458333,0.108333,0.108333,0.579167,0.5,0.5,0.625,0.625,0.5,0.25,0.579167,0.45,0.516667,0.358333,0.516667,0.358333,-0.05,-0.05,-0.5,0.666667,0.583333,0.625,0.666667,0.666667,0.5,0.75,0.5,0.583333,0.5,0.75,0.666667,0.5,1,0,0,0.666667,0.333333,0.666667,0.25,1,0,0.01
"origq","origq;q0.667;c0.250;t0.0100","-3.3310000000000003E-16","1","25","DBestGuess14",0.1,0,0,0.5,0.5,0,0,0,0,0,0.63,0.45,0.0050174,0.0708333,0.0625,0.027396,0.145833,0.136667,0.208333,0.00892361,0.0625,0.125,0.125,0.595833,0.5,0.5,0.658333,0.658333,0.533333,0.216667,0.595833,0.45,0.533333,0.341667,0.533333,0.341667,-0.05,-0.05,-0.5,0.666667,0.583333,0.658333,0.666667,0.666667,0.5,0.95,0.5,0.65,0.5,0.95,0.666667,0.5,1,0,0,0.666667,0.333333,0.666667,0.25,1,0,0.01
"origq","origq;q0.667;c0.250;t0.0100","-3.3310000000000003E-16","1","25","DBestGuess15",0,,,,,,,,,,,,,,,,,,,,,,,,,,,,,,,,,,,,,,,,,,,,,,,,,,,,,,,,,,,,,
"origq","origq;q0.667;c0.250;t0.0100","-3.3310000000000003E-16","1","25","DBestGuess16",0,,,,,,,,,,,,,,,,,,,,,,,,,,,,,,,,,,,,,,,,,,,,,,,,,,,,,,,,,,,,,
"origq","origq;q0.667;c0.250;t0.0100","-3.3310000000000003E-16","1","25","DBestGuess17",0,,,,,,,,,,,,,,,,,,,,,,,,,,,,,,,,,,,,,,,,,,,,,,,,,,,,,,,,,,,,,
"origq","origq;q0.667;c0.250;t0.0100","-3.3310000000000003E-16","1","25","DBestGuess18",0,,,,,,,,,,,,,,,,,,,,,,,,,,,,,,,,,,,,,,,,,,,,,,,,,,,,,,,,,,,,,
"origq","origq;q0.667;c0.250;t0.0100","-3.3310000000000003E-16","1","25","DBestGuess19",0,,,,,,,,,,,,,,,,,,,,,,,,,,,,,,,,,,,,,,,,,,,,,,,,,,,,,,,,,,,,,
"origq","origq;q0.667;c0.250;t0.0100","-3.3310000000000003E-16","1","25","DBestGuess20",0,,,,,,,,,,,,,,,,,,,,,,,,,,,,,,,,,,,,,,,,,,,,,,,,,,,,,,,,,,,,,
