"GroupName","OptionSet","Exploit","Refine","Seconds","Filter","All","PQuits","DQuits","Settles","Trial","Shifting","ShiftingOccursIfTrial","ShiftingValueIfTrial","PQuits","DQuits","POffer","DOffer","DMSAcc","DMSAccL1","DMSTrialRelAccL1","AccSq","Accuracy","Accuracy_ForPlaintiff","Accuracy_ForDefendant","TrialRelativeAccSq","TrialRelativeAccuracy","TrialRelativeAccuracy_ForPlaintiff","TrialRelativeAccuracy_ForDefendant","SettlementOrJudgment","DsProportionOfCost","DsProportionOfCostIfTrial","TrialValuePreShiftingIfOccurs","TrialValueWithShiftingIfOccurs","PTrialEffect_IfOccurs","DTrialEffect_IfOccurs","ResolutionValueIncludingShiftedAmount","SettlementValue","PWealth","DWealth","PWelfare","DWelfare","PQuality","DQuality","NQuality","QualitySum","PBestGuess","DBestGuess","QualitySum_PInfo","QualitySum_DInfo","PBias","DBias","NBias","BiasSum","BiasSum_PInfo","BiasSum_DInfo","Quality","Alpha_Quality","Alpha_Both_Quality","Alpha_Plaintiff_Quality","Alpha_Defendant_Quality","Alpha_Plaintiff_Bias","Alpha_Defendant_Bias","Evidence_Both_Quality","TrialCost","FeeShifting","FSMargin","FeeShiftingThreshold"
"ordes","ordes;q0.167;c0.500;t0.0700","0","NaN","6","All",1,0,0,1,0,0,1,-0.0175,0,0,0.35,0.35,0.0336111,0.183333,0.0166667,0.033611,0.183333,0.183333,0.183333,0.0105903,0.0841667,0.0841667,0.0841667,0.35,0.5,0.465,0.333333,0.315833,0.0658333,0.434167,0.35,0.35,0.35,0.65,0.35,0.65,-0.05,-0.05,-0.5,0.166667,0.333333,0.333333,0.166667,0.166667,0.5,0.5,0.5,0.5,0.5,0.5,0.166667,0.5,1,0,0,0.5,0.5,0.166667,0.5,1,0,0.07
"ordes","ordes;q0.167;c0.500;t0.0700","0","NaN","6","PBias1",0.1,0,0,1,0,0,1,-0.0175,0,0,0.35,0.35,0.0336111,0.183333,0.129167,0.033611,0.183333,0.183333,0.183333,0.0218403,0.129167,0.129167,0.129167,0.35,0.5,0.465,0.220833,0.203333,-0.0466667,0.546667,0.35,0.35,0.35,0.65,0.35,0.65,-0.05,-0.05,-0.5,0.166667,0.220833,0.333333,0.166667,0.166667,0.05,0.5,0.5,0.275,0.05,0.5,0.166667,0.5,1,0,0,0.5,0.5,0.166667,0.5,1,0,0.07
"ordes","ordes;q0.167;c0.500;t0.0700","0","NaN","6","PBias2",0.1,0,0,1,0,0,1,-0.0175,0,0,0.35,0.35,0.0336111,0.183333,0.104167,0.033611,0.183333,0.183333,0.183333,0.0160069,0.105833,0.105833,0.105833,0.35,0.5,0.465,0.245833,0.228333,-0.0216667,0.521667,0.35,0.35,0.35,0.65,0.35,0.65,-0.05,-0.05,-0.5,0.166667,0.245833,0.333333,0.166667,0.166667,0.15,0.5,0.5,0.325,0.15,0.5,0.166667,0.5,1,0,0,0.5,0.5,0.166667,0.5,1,0,0.07
"ordes","ordes;q0.167;c0.500;t0.0700","0","NaN","6","PBias3",0.1,0,0,1,0,0,1,-0.0175,0,0,0.35,0.35,0.0336111,0.183333,0.0791667,0.033611,0.183333,0.183333,0.183333,0.0114236,0.0875,0.0875,0.0875,0.35,0.5,0.465,0.270833,0.253333,0.00333333,0.496667,0.35,0.35,0.35,0.65,0.35,0.65,-0.05,-0.05,-0.5,0.166667,0.270833,0.333333,0.166667,0.166667,0.25,0.5,0.5,0.375,0.25,0.5,0.166667,0.5,1,0,0,0.5,0.5,0.166667,0.5,1,0,0.07
"ordes","ordes;q0.167;c0.500;t0.0700","0","NaN","6","PBias4",0.1,0,0,1,0,0,1,-0.0175,0,0,0.35,0.35,0.0336111,0.183333,0.0541667,0.033611,0.183333,0.183333,0.183333,0.00809028,0.0741667,0.0741667,0.0741667,0.35,0.5,0.465,0.295833,0.278333,0.0283333,0.471667,0.35,0.35,0.35,0.65,0.35,0.65,-0.05,-0.05,-0.5,0.166667,0.295833,0.333333,0.166667,0.166667,0.35,0.5,0.5,0.425,0.35,0.5,0.166667,0.5,1,0,0,0.5,0.5,0.166667,0.5,1,0,0.07
"ordes","ordes;q0.167;c0.500;t0.0700","0","NaN","6","PBias5",0.1,0,0,1,0,0,1,-0.0175,0,0,0.35,0.35,0.0336111,0.183333,0.0291667,0.033611,0.183333,0.183333,0.183333,0.00600694,0.0658333,0.0658333,0.0658333,0.35,0.5,0.465,0.320833,0.303333,0.0533333,0.446667,0.35,0.35,0.35,0.65,0.35,0.65,-0.05,-0.05,-0.5,0.166667,0.320833,0.333333,0.166667,0.166667,0.45,0.5,0.5,0.475,0.45,0.5,0.166667,0.5,1,0,0,0.5,0.5,0.166667,0.5,1,0,0.07
"ordes","ordes;q0.167;c0.500;t0.0700","0","NaN","6","PBias6",0.1,0,0,1,0,0,1,-0.0175,0,0,0.35,0.35,0.0336111,0.183333,0.00416667,0.033611,0.183333,0.183333,0.183333,0.00517361,0.0625,0.0625,0.0625,0.35,0.5,0.465,0.345833,0.328333,0.0783333,0.421667,0.35,0.35,0.35,0.65,0.35,0.65,-0.05,-0.05,-0.5,0.166667,0.345833,0.333333,0.166667,0.166667,0.55,0.5,0.5,0.525,0.55,0.5,0.166667,0.5,1,0,0,0.5,0.5,0.166667,0.5,1,0,0.07
"ordes","ordes;q0.167;c0.500;t0.0700","0","NaN","6","PBias7",0.1,0,0,1,0,0,1,-0.0175,0,0,0.35,0.35,0.0336111,0.183333,0.0208333,0.033611,0.183333,0.183333,0.183333,0.00559028,0.0641667,0.0641667,0.0641667,0.35,0.5,0.465,0.370833,0.353333,0.103333,0.396667,0.35,0.35,0.35,0.65,0.35,0.65,-0.05,-0.05,-0.5,0.166667,0.370833,0.333333,0.166667,0.166667,0.65,0.5,0.5,0.575,0.65,0.5,0.166667,0.5,1,0,0,0.5,0.5,0.166667,0.5,1,0,0.07
"ordes","ordes;q0.167;c0.500;t0.0700","0","NaN","6","PBias8",0.1,0,0,1,0,0,1,-0.0175,0,0,0.35,0.35,0.0336111,0.183333,0.0458333,0.033611,0.183333,0.183333,0.183333,0.00725694,0.0708333,0.0708333,0.0708333,0.35,0.5,0.465,0.395833,0.378333,0.128333,0.371667,0.35,0.35,0.35,0.65,0.35,0.65,-0.05,-0.05,-0.5,0.166667,0.395833,0.333333,0.166667,0.166667,0.75,0.5,0.5,0.625,0.75,0.5,0.166667,0.5,1,0,0,0.5,0.5,0.166667,0.5,1,0,0.07
"ordes","ordes;q0.167;c0.500;t0.0700","0","NaN","6","PBias9",0.1,0,0,1,0,0,1,-0.0175,0,0,0.35,0.35,0.0336111,0.183333,0.0708333,0.033611,0.183333,0.183333,0.183333,0.0101736,0.0825,0.0825,0.0825,0.35,0.5,0.465,0.420833,0.403333,0.153333,0.346667,0.35,0.35,0.35,0.65,0.35,0.65,-0.05,-0.05,-0.5,0.166667,0.420833,0.333333,0.166667,0.166667,0.85,0.5,0.5,0.675,0.85,0.5,0.166667,0.5,1,0,0,0.5,0.5,0.166667,0.5,1,0,0.07
"ordes","ordes;q0.167;c0.500;t0.0700","0","NaN","6","PBias10",0.1,0,0,1,0,0,1,-0.0175,0,0,0.35,0.35,0.0336111,0.183333,0.0958333,0.033611,0.183333,0.183333,0.183333,0.0143403,0.0991667,0.0991667,0.0991667,0.35,0.5,0.465,0.445833,0.428333,0.178333,0.321667,0.35,0.35,0.35,0.65,0.35,0.65,-0.05,-0.05,-0.5,0.166667,0.445833,0.333333,0.166667,0.166667,0.95,0.5,0.5,0.725,0.95,0.5,0.166667,0.5,1,0,0,0.5,0.5,0.166667,0.5,1,0,0.07
"ordes","ordes;q0.167;c0.500;t0.0700","0","NaN","6","DBias1",0.1,0,0,1,0,0,1,-0.0175,0,0,0.35,0.35,0.0336111,0.183333,0.129167,0.033611,0.183333,0.183333,0.183333,0.0218403,0.129167,0.129167,0.129167,0.35,0.5,0.465,0.220833,0.203333,-0.0466667,0.546667,0.35,0.35,0.35,0.65,0.35,0.65,-0.05,-0.05,-0.5,0.166667,0.333333,0.220833,0.166667,0.166667,0.5,0.05,0.5,0.275,0.5,0.05,0.166667,0.5,1,0,0,0.5,0.5,0.166667,0.5,1,0,0.07
"ordes","ordes;q0.167;c0.500;t0.0700","0","NaN","6","DBias2",0.1,0,0,1,0,0,1,-0.0175,0,0,0.35,0.35,0.0336111,0.183333,0.104167,0.033611,0.183333,0.183333,0.183333,0.0160069,0.105833,0.105833,0.105833,0.35,0.5,0.465,0.245833,0.228333,-0.0216667,0.521667,0.35,0.35,0.35,0.65,0.35,0.65,-0.05,-0.05,-0.5,0.166667,0.333333,0.245833,0.166667,0.166667,0.5,0.15,0.5,0.325,0.5,0.15,0.166667,0.5,1,0,0,0.5,0.5,0.166667,0.5,1,0,0.07
"ordes","ordes;q0.167;c0.500;t0.0700","0","NaN","6","DBias3",0.1,0,0,1,0,0,1,-0.0175,0,0,0.35,0.35,0.0336111,0.183333,0.0791667,0.033611,0.183333,0.183333,0.183333,0.0114236,0.0875,0.0875,0.0875,0.35,0.5,0.465,0.270833,0.253333,0.00333333,0.496667,0.35,0.35,0.35,0.65,0.35,0.65,-0.05,-0.05,-0.5,0.166667,0.333333,0.270833,0.166667,0.166667,0.5,0.25,0.5,0.375,0.5,0.25,0.166667,0.5,1,0,0,0.5,0.5,0.166667,0.5,1,0,0.07
"ordes","ordes;q0.167;c0.500;t0.0700","0","NaN","6","DBias4",0.1,0,0,1,0,0,1,-0.0175,0,0,0.35,0.35,0.0336111,0.183333,0.0541667,0.033611,0.183333,0.183333,0.183333,0.00809028,0.0741667,0.0741667,0.0741667,0.35,0.5,0.465,0.295833,0.278333,0.0283333,0.471667,0.35,0.35,0.35,0.65,0.35,0.65,-0.05,-0.05,-0.5,0.166667,0.333333,0.295833,0.166667,0.166667,0.5,0.35,0.5,0.425,0.5,0.35,0.166667,0.5,1,0,0,0.5,0.5,0.166667,0.5,1,0,0.07
"ordes","ordes;q0.167;c0.500;t0.0700","0","NaN","6","DBias5",0.1,0,0,1,0,0,1,-0.0175,0,0,0.35,0.35,0.0336111,0.183333,0.0291667,0.033611,0.183333,0.183333,0.183333,0.00600694,0.0658333,0.0658333,0.0658333,0.35,0.5,0.465,0.320833,0.303333,0.0533333,0.446667,0.35,0.35,0.35,0.65,0.35,0.65,-0.05,-0.05,-0.5,0.166667,0.333333,0.320833,0.166667,0.166667,0.5,0.45,0.5,0.475,0.5,0.45,0.166667,0.5,1,0,0,0.5,0.5,0.166667,0.5,1,0,0.07
"ordes","ordes;q0.167;c0.500;t0.0700","0","NaN","6","DBias6",0.1,0,0,1,0,0,1,-0.0175,0,0,0.35,0.35,0.0336111,0.183333,0.00416667,0.033611,0.183333,0.183333,0.183333,0.00517361,0.0625,0.0625,0.0625,0.35,0.5,0.465,0.345833,0.328333,0.0783333,0.421667,0.35,0.35,0.35,0.65,0.35,0.65,-0.05,-0.05,-0.5,0.166667,0.333333,0.345833,0.166667,0.166667,0.5,0.55,0.5,0.525,0.5,0.55,0.166667,0.5,1,0,0,0.5,0.5,0.166667,0.5,1,0,0.07
"ordes","ordes;q0.167;c0.500;t0.0700","0","NaN","6","DBias7",0.1,0,0,1,0,0,1,-0.0175,0,0,0.35,0.35,0.0336111,0.183333,0.0208333,0.033611,0.183333,0.183333,0.183333,0.00559028,0.0641667,0.0641667,0.0641667,0.35,0.5,0.465,0.370833,0.353333,0.103333,0.396667,0.35,0.35,0.35,0.65,0.35,0.65,-0.05,-0.05,-0.5,0.166667,0.333333,0.370833,0.166667,0.166667,0.5,0.65,0.5,0.575,0.5,0.65,0.166667,0.5,1,0,0,0.5,0.5,0.166667,0.5,1,0,0.07
"ordes","ordes;q0.167;c0.500;t0.0700","0","NaN","6","DBias8",0.1,0,0,1,0,0,1,-0.0175,0,0,0.35,0.35,0.0336111,0.183333,0.0458333,0.033611,0.183333,0.183333,0.183333,0.00725694,0.0708333,0.0708333,0.0708333,0.35,0.5,0.465,0.395833,0.378333,0.128333,0.371667,0.35,0.35,0.35,0.65,0.35,0.65,-0.05,-0.05,-0.5,0.166667,0.333333,0.395833,0.166667,0.166667,0.5,0.75,0.5,0.625,0.5,0.75,0.166667,0.5,1,0,0,0.5,0.5,0.166667,0.5,1,0,0.07
"ordes","ordes;q0.167;c0.500;t0.0700","0","NaN","6","DBias9",0.1,0,0,1,0,0,1,-0.0175,0,0,0.35,0.35,0.0336111,0.183333,0.0708333,0.033611,0.183333,0.183333,0.183333,0.0101736,0.0825,0.0825,0.0825,0.35,0.5,0.465,0.420833,0.403333,0.153333,0.346667,0.35,0.35,0.35,0.65,0.35,0.65,-0.05,-0.05,-0.5,0.166667,0.333333,0.420833,0.166667,0.166667,0.5,0.85,0.5,0.675,0.5,0.85,0.166667,0.5,1,0,0,0.5,0.5,0.166667,0.5,1,0,0.07
"ordes","ordes;q0.167;c0.500;t0.0700","0","NaN","6","DBias10",0.1,0,0,1,0,0,1,-0.0175,0,0,0.35,0.35,0.0336111,0.183333,0.0958333,0.033611,0.183333,0.183333,0.183333,0.0143403,0.0991667,0.0991667,0.0991667,0.35,0.5,0.465,0.445833,0.428333,0.178333,0.321667,0.35,0.35,0.35,0.65,0.35,0.65,-0.05,-0.05,-0.5,0.166667,0.333333,0.445833,0.166667,0.166667,0.5,0.95,0.5,0.725,0.5,0.95,0.166667,0.5,1,0,0,0.5,0.5,0.166667,0.5,1,0,0.07
"ordes","ordes;q0.167;c0.500;t0.0700","0","NaN","6","POffer1",0,,,,,,,,,,,,,,,,,,,,,,,,,,,,,,,,,,,,,,,,,,,,,,,,,,,,,,,,,,,,,
"ordes","ordes;q0.167;c0.500;t0.0700","0","NaN","6","POffer2",0,,,,,,,,,,,,,,,,,,,,,,,,,,,,,,,,,,,,,,,,,,,,,,,,,,,,,,,,,,,,,
"ordes","ordes;q0.167;c0.500;t0.0700","0","NaN","6","POffer3",0,,,,,,,,,,,,,,,,,,,,,,,,,,,,,,,,,,,,,,,,,,,,,,,,,,,,,,,,,,,,,
"ordes","ordes;q0.167;c0.500;t0.0700","0","NaN","6","POffer4",1,0,0,1,0,0,1,-0.0175,0,0,0.35,0.35,0.0336111,0.183333,0.0166667,0.033611,0.183333,0.183333,0.183333,0.0105903,0.0841667,0.0841667,0.0841667,0.35,0.5,0.465,0.333333,0.315833,0.0658333,0.434167,0.35,0.35,0.35,0.65,0.35,0.65,-0.05,-0.05,-0.5,0.166667,0.333333,0.333333,0.166667,0.166667,0.5,0.5,0.5,0.5,0.5,0.5,0.166667,0.5,1,0,0,0.5,0.5,0.166667,0.5,1,0,0.07
"ordes","ordes;q0.167;c0.500;t0.0700","0","NaN","6","POffer5",0,,,,,,,,,,,,,,,,,,,,,,,,,,,,,,,,,,,,,,,,,,,,,,,,,,,,,,,,,,,,,
"ordes","ordes;q0.167;c0.500;t0.0700","0","NaN","6","POffer6",0,,,,,,,,,,,,,,,,,,,,,,,,,,,,,,,,,,,,,,,,,,,,,,,,,,,,,,,,,,,,,
"ordes","ordes;q0.167;c0.500;t0.0700","0","NaN","6","POffer7",0,,,,,,,,,,,,,,,,,,,,,,,,,,,,,,,,,,,,,,,,,,,,,,,,,,,,,,,,,,,,,
"ordes","ordes;q0.167;c0.500;t0.0700","0","NaN","6","POffer8",0,,,,,,,,,,,,,,,,,,,,,,,,,,,,,,,,,,,,,,,,,,,,,,,,,,,,,,,,,,,,,
"ordes","ordes;q0.167;c0.500;t0.0700","0","NaN","6","POffer9",0,,,,,,,,,,,,,,,,,,,,,,,,,,,,,,,,,,,,,,,,,,,,,,,,,,,,,,,,,,,,,
"ordes","ordes;q0.167;c0.500;t0.0700","0","NaN","6","POffer10",0,,,,,,,,,,,,,,,,,,,,,,,,,,,,,,,,,,,,,,,,,,,,,,,,,,,,,,,,,,,,,
"ordes","ordes;q0.167;c0.500;t0.0700","0","NaN","6","DOffer1",0,,,,,,,,,,,,,,,,,,,,,,,,,,,,,,,,,,,,,,,,,,,,,,,,,,,,,,,,,,,,,
"ordes","ordes;q0.167;c0.500;t0.0700","0","NaN","6","DOffer2",0,,,,,,,,,,,,,,,,,,,,,,,,,,,,,,,,,,,,,,,,,,,,,,,,,,,,,,,,,,,,,
"ordes","ordes;q0.167;c0.500;t0.0700","0","NaN","6","DOffer3",0,,,,,,,,,,,,,,,,,,,,,,,,,,,,,,,,,,,,,,,,,,,,,,,,,,,,,,,,,,,,,
"ordes","ordes;q0.167;c0.500;t0.0700","0","NaN","6","DOffer4",1,0,0,1,0,0,1,-0.0175,0,0,0.35,0.35,0.0336111,0.183333,0.0166667,0.033611,0.183333,0.183333,0.183333,0.0105903,0.0841667,0.0841667,0.0841667,0.35,0.5,0.465,0.333333,0.315833,0.0658333,0.434167,0.35,0.35,0.35,0.65,0.35,0.65,-0.05,-0.05,-0.5,0.166667,0.333333,0.333333,0.166667,0.166667,0.5,0.5,0.5,0.5,0.5,0.5,0.166667,0.5,1,0,0,0.5,0.5,0.166667,0.5,1,0,0.07
"ordes","ordes;q0.167;c0.500;t0.0700","0","NaN","6","DOffer5",0,,,,,,,,,,,,,,,,,,,,,,,,,,,,,,,,,,,,,,,,,,,,,,,,,,,,,,,,,,,,,
"ordes","ordes;q0.167;c0.500;t0.0700","0","NaN","6","DOffer6",0,,,,,,,,,,,,,,,,,,,,,,,,,,,,,,,,,,,,,,,,,,,,,,,,,,,,,,,,,,,,,
"ordes","ordes;q0.167;c0.500;t0.0700","0","NaN","6","DOffer7",0,,,,,,,,,,,,,,,,,,,,,,,,,,,,,,,,,,,,,,,,,,,,,,,,,,,,,,,,,,,,,
"ordes","ordes;q0.167;c0.500;t0.0700","0","NaN","6","DOffer8",0,,,,,,,,,,,,,,,,,,,,,,,,,,,,,,,,,,,,,,,,,,,,,,,,,,,,,,,,,,,,,
"ordes","ordes;q0.167;c0.500;t0.0700","0","NaN","6","DOffer9",0,,,,,,,,,,,,,,,,,,,,,,,,,,,,,,,,,,,,,,,,,,,,,,,,,,,,,,,,,,,,,
"ordes","ordes;q0.167;c0.500;t0.0700","0","NaN","6","DOffer10",0,,,,,,,,,,,,,,,,,,,,,,,,,,,,,,,,,,,,,,,,,,,,,,,,,,,,,,,,,,,,,
"ordes","ordes;q0.167;c0.500;t0.0700","0","NaN","6","QualitySum1",0,,,,,,,,,,,,,,,,,,,,,,,,,,,,,,,,,,,,,,,,,,,,,,,,,,,,,,,,,,,,,
"ordes","ordes;q0.167;c0.500;t0.0700","0","NaN","6","QualitySum2",0,,,,,,,,,,,,,,,,,,,,,,,,,,,,,,,,,,,,,,,,,,,,,,,,,,,,,,,,,,,,,
"ordes","ordes;q0.167;c0.500;t0.0700","0","NaN","6","QualitySum3",0,,,,,,,,,,,,,,,,,,,,,,,,,,,,,,,,,,,,,,,,,,,,,,,,,,,,,,,,,,,,,
"ordes","ordes;q0.167;c0.500;t0.0700","0","NaN","6","QualitySum4",1,0,0,1,0,0,1,-0.0175,0,0,0.35,0.35,0.0336111,0.183333,0.0166667,0.033611,0.183333,0.183333,0.183333,0.0105903,0.0841667,0.0841667,0.0841667,0.35,0.5,0.465,0.333333,0.315833,0.0658333,0.434167,0.35,0.35,0.35,0.65,0.35,0.65,-0.05,-0.05,-0.5,0.166667,0.333333,0.333333,0.166667,0.166667,0.5,0.5,0.5,0.5,0.5,0.5,0.166667,0.5,1,0,0,0.5,0.5,0.166667,0.5,1,0,0.07
"ordes","ordes;q0.167;c0.500;t0.0700","0","NaN","6","QualitySum5",0,,,,,,,,,,,,,,,,,,,,,,,,,,,,,,,,,,,,,,,,,,,,,,,,,,,,,,,,,,,,,
"ordes","ordes;q0.167;c0.500;t0.0700","0","NaN","6","QualitySum6",0,,,,,,,,,,,,,,,,,,,,,,,,,,,,,,,,,,,,,,,,,,,,,,,,,,,,,,,,,,,,,
"ordes","ordes;q0.167;c0.500;t0.0700","0","NaN","6","QualitySum7",0,,,,,,,,,,,,,,,,,,,,,,,,,,,,,,,,,,,,,,,,,,,,,,,,,,,,,,,,,,,,,
"ordes","ordes;q0.167;c0.500;t0.0700","0","NaN","6","QualitySum8",0,,,,,,,,,,,,,,,,,,,,,,,,,,,,,,,,,,,,,,,,,,,,,,,,,,,,,,,,,,,,,
"ordes","ordes;q0.167;c0.500;t0.0700","0","NaN","6","QualitySum9",0,,,,,,,,,,,,,,,,,,,,,,,,,,,,,,,,,,,,,,,,,,,,,,,,,,,,,,,,,,,,,
"ordes","ordes;q0.167;c0.500;t0.0700","0","NaN","6","QualitySum10",0,,,,,,,,,,,,,,,,,,,,,,,,,,,,,,,,,,,,,,,,,,,,,,,,,,,,,,,,,,,,,
"ordes","ordes;q0.167;c0.500;t0.0700","0","NaN","6","QualitySum11",0,,,,,,,,,,,,,,,,,,,,,,,,,,,,,,,,,,,,,,,,,,,,,,,,,,,,,,,,,,,,,
"ordes","ordes;q0.167;c0.500;t0.0700","0","NaN","6","QualitySum12",0,,,,,,,,,,,,,,,,,,,,,,,,,,,,,,,,,,,,,,,,,,,,,,,,,,,,,,,,,,,,,
"ordes","ordes;q0.167;c0.500;t0.0700","0","NaN","6","QualitySum13",0,,,,,,,,,,,,,,,,,,,,,,,,,,,,,,,,,,,,,,,,,,,,,,,,,,,,,,,,,,,,,
"ordes","ordes;q0.167;c0.500;t0.0700","0","NaN","6","QualitySum14",0,,,,,,,,,,,,,,,,,,,,,,,,,,,,,,,,,,,,,,,,,,,,,,,,,,,,,,,,,,,,,
"ordes","ordes;q0.167;c0.500;t0.0700","0","NaN","6","QualitySum15",0,,,,,,,,,,,,,,,,,,,,,,,,,,,,,,,,,,,,,,,,,,,,,,,,,,,,,,,,,,,,,
"ordes","ordes;q0.167;c0.500;t0.0700","0","NaN","6","QualitySum16",0,,,,,,,,,,,,,,,,,,,,,,,,,,,,,,,,,,,,,,,,,,,,,,,,,,,,,,,,,,,,,
"ordes","ordes;q0.167;c0.500;t0.0700","0","NaN","6","QualitySum17",0,,,,,,,,,,,,,,,,,,,,,,,,,,,,,,,,,,,,,,,,,,,,,,,,,,,,,,,,,,,,,
"ordes","ordes;q0.167;c0.500;t0.0700","0","NaN","6","QualitySum18",0,,,,,,,,,,,,,,,,,,,,,,,,,,,,,,,,,,,,,,,,,,,,,,,,,,,,,,,,,,,,,
"ordes","ordes;q0.167;c0.500;t0.0700","0","NaN","6","QualitySum19",0,,,,,,,,,,,,,,,,,,,,,,,,,,,,,,,,,,,,,,,,,,,,,,,,,,,,,,,,,,,,,
"ordes","ordes;q0.167;c0.500;t0.0700","0","NaN","6","QualitySum20",0,,,,,,,,,,,,,,,,,,,,,,,,,,,,,,,,,,,,,,,,,,,,,,,,,,,,,,,,,,,,,
"ordes","ordes;q0.167;c0.500;t0.0700","0","NaN","6","PBestGuess1",0,,,,,,,,,,,,,,,,,,,,,,,,,,,,,,,,,,,,,,,,,,,,,,,,,,,,,,,,,,,,,
"ordes","ordes;q0.167;c0.500;t0.0700","0","NaN","6","PBestGuess2",0,,,,,,,,,,,,,,,,,,,,,,,,,,,,,,,,,,,,,,,,,,,,,,,,,,,,,,,,,,,,,
"ordes","ordes;q0.167;c0.500;t0.0700","0","NaN","6","PBestGuess3",0,,,,,,,,,,,,,,,,,,,,,,,,,,,,,,,,,,,,,,,,,,,,,,,,,,,,,,,,,,,,,
"ordes","ordes;q0.167;c0.500;t0.0700","0","NaN","6","PBestGuess4",0,,,,,,,,,,,,,,,,,,,,,,,,,,,,,,,,,,,,,,,,,,,,,,,,,,,,,,,,,,,,,
"ordes","ordes;q0.167;c0.500;t0.0700","0","NaN","6","PBestGuess5",0.2,0,0,1,0,0,1,-0.0175,0,0,0.35,0.35,0.0336111,0.183333,0.116667,0.033611,0.183333,0.183333,0.183333,0.0189236,0.1175,0.1175,0.1175,0.35,0.5,0.465,0.233333,0.215833,-0.0341667,0.534167,0.35,0.35,0.35,0.65,0.35,0.65,-0.05,-0.05,-0.5,0.166667,0.233333,0.333333,0.166667,0.166667,0.1,0.5,0.5,0.3,0.1,0.5,0.166667,0.5,1,0,0,0.5,0.5,0.166667,0.5,1,0,0.07
"ordes","ordes;q0.167;c0.500;t0.0700","0","NaN","6","PBestGuess6",0.2,0,0,1,0,0,1,-0.0175,0,0,0.35,0.35,0.0336111,0.183333,0.0666667,0.033611,0.183333,0.183333,0.183333,0.00975694,0.0808333,0.0808333,0.0808333,0.35,0.5,0.465,0.283333,0.265833,0.0158333,0.484167,0.35,0.35,0.35,0.65,0.35,0.65,-0.05,-0.05,-0.5,0.166667,0.283333,0.333333,0.166667,0.166667,0.3,0.5,0.5,0.4,0.3,0.5,0.166667,0.5,1,0,0,0.5,0.5,0.166667,0.5,1,0,0.07
"ordes","ordes;q0.167;c0.500;t0.0700","0","NaN","6","PBestGuess7",0.2,0,0,1,0,0,1,-0.0175,0,0,0.35,0.35,0.0336111,0.183333,0.0166667,0.033611,0.183333,0.183333,0.183333,0.00559028,0.0641667,0.0641667,0.0641667,0.35,0.5,0.465,0.333333,0.315833,0.0658333,0.434167,0.35,0.35,0.35,0.65,0.35,0.65,-0.05,-0.05,-0.5,0.166667,0.333333,0.333333,0.166667,0.166667,0.5,0.5,0.5,0.5,0.5,0.5,0.166667,0.5,1,0,0,0.5,0.5,0.166667,0.5,1,0,0.07
"ordes","ordes;q0.167;c0.500;t0.0700","0","NaN","6","PBestGuess8",0.2,0,0,1,0,0,1,-0.0175,0,0,0.35,0.35,0.0336111,0.183333,0.0333333,0.033611,0.183333,0.183333,0.183333,0.00642361,0.0675,0.0675,0.0675,0.35,0.5,0.465,0.383333,0.365833,0.115833,0.384167,0.35,0.35,0.35,0.65,0.35,0.65,-0.05,-0.05,-0.5,0.166667,0.383333,0.333333,0.166667,0.166667,0.7,0.5,0.5,0.6,0.7,0.5,0.166667,0.5,1,0,0,0.5,0.5,0.166667,0.5,1,0,0.07
"ordes","ordes;q0.167;c0.500;t0.0700","0","NaN","6","PBestGuess9",0.2,0,0,1,0,0,1,-0.0175,0,0,0.35,0.35,0.0336111,0.183333,0.0833333,0.033611,0.183333,0.183333,0.183333,0.0122569,0.0908333,0.0908333,0.0908333,0.35,0.5,0.465,0.433333,0.415833,0.165833,0.334167,0.35,0.35,0.35,0.65,0.35,0.65,-0.05,-0.05,-0.5,0.166667,0.433333,0.333333,0.166667,0.166667,0.9,0.5,0.5,0.7,0.9,0.5,0.166667,0.5,1,0,0,0.5,0.5,0.166667,0.5,1,0,0.07
"ordes","ordes;q0.167;c0.500;t0.0700","0","NaN","6","PBestGuess10",0,,,,,,,,,,,,,,,,,,,,,,,,,,,,,,,,,,,,,,,,,,,,,,,,,,,,,,,,,,,,,
"ordes","ordes;q0.167;c0.500;t0.0700","0","NaN","6","PBestGuess11",0,,,,,,,,,,,,,,,,,,,,,,,,,,,,,,,,,,,,,,,,,,,,,,,,,,,,,,,,,,,,,
"ordes","ordes;q0.167;c0.500;t0.0700","0","NaN","6","PBestGuess12",0,,,,,,,,,,,,,,,,,,,,,,,,,,,,,,,,,,,,,,,,,,,,,,,,,,,,,,,,,,,,,
"ordes","ordes;q0.167;c0.500;t0.0700","0","NaN","6","PBestGuess13",0,,,,,,,,,,,,,,,,,,,,,,,,,,,,,,,,,,,,,,,,,,,,,,,,,,,,,,,,,,,,,
"ordes","ordes;q0.167;c0.500;t0.0700","0","NaN","6","PBestGuess14",0,,,,,,,,,,,,,,,,,,,,,,,,,,,,,,,,,,,,,,,,,,,,,,,,,,,,,,,,,,,,,
"ordes","ordes;q0.167;c0.500;t0.0700","0","NaN","6","PBestGuess15",0,,,,,,,,,,,,,,,,,,,,,,,,,,,,,,,,,,,,,,,,,,,,,,,,,,,,,,,,,,,,,
"ordes","ordes;q0.167;c0.500;t0.0700","0","NaN","6","PBestGuess16",0,,,,,,,,,,,,,,,,,,,,,,,,,,,,,,,,,,,,,,,,,,,,,,,,,,,,,,,,,,,,,
"ordes","ordes;q0.167;c0.500;t0.0700","0","NaN","6","PBestGuess17",0,,,,,,,,,,,,,,,,,,,,,,,,,,,,,,,,,,,,,,,,,,,,,,,,,,,,,,,,,,,,,
"ordes","ordes;q0.167;c0.500;t0.0700","0","NaN","6","PBestGuess18",0,,,,,,,,,,,,,,,,,,,,,,,,,,,,,,,,,,,,,,,,,,,,,,,,,,,,,,,,,,,,,
"ordes","ordes;q0.167;c0.500;t0.0700","0","NaN","6","PBestGuess19",0,,,,,,,,,,,,,,,,,,,,,,,,,,,,,,,,,,,,,,,,,,,,,,,,,,,,,,,,,,,,,
"ordes","ordes;q0.167;c0.500;t0.0700","0","NaN","6","PBestGuess20",0,,,,,,,,,,,,,,,,,,,,,,,,,,,,,,,,,,,,,,,,,,,,,,,,,,,,,,,,,,,,,
"ordes","ordes;q0.167;c0.500;t0.0700","0","NaN","6","DBestGuess1",0,,,,,,,,,,,,,,,,,,,,,,,,,,,,,,,,,,,,,,,,,,,,,,,,,,,,,,,,,,,,,
"ordes","ordes;q0.167;c0.500;t0.0700","0","NaN","6","DBestGuess2",0,,,,,,,,,,,,,,,,,,,,,,,,,,,,,,,,,,,,,,,,,,,,,,,,,,,,,,,,,,,,,
"ordes","ordes;q0.167;c0.500;t0.0700","0","NaN","6","DBestGuess3",0,,,,,,,,,,,,,,,,,,,,,,,,,,,,,,,,,,,,,,,,,,,,,,,,,,,,,,,,,,,,,
"ordes","ordes;q0.167;c0.500;t0.0700","0","NaN","6","DBestGuess4",0,,,,,,,,,,,,,,,,,,,,,,,,,,,,,,,,,,,,,,,,,,,,,,,,,,,,,,,,,,,,,
"ordes","ordes;q0.167;c0.500;t0.0700","0","NaN","6","DBestGuess5",0.2,0,0,1,0,0,1,-0.0175,0,0,0.35,0.35,0.0336111,0.183333,0.116667,0.033611,0.183333,0.183333,0.183333,0.0189236,0.1175,0.1175,0.1175,0.35,0.5,0.465,0.233333,0.215833,-0.0341667,0.534167,0.35,0.35,0.35,0.65,0.35,0.65,-0.05,-0.05,-0.5,0.166667,0.333333,0.233333,0.166667,0.166667,0.5,0.1,0.5,0.3,0.5,0.1,0.166667,0.5,1,0,0,0.5,0.5,0.166667,0.5,1,0,0.07
"ordes","ordes;q0.167;c0.500;t0.0700","0","NaN","6","DBestGuess6",0.2,0,0,1,0,0,1,-0.0175,0,0,0.35,0.35,0.0336111,0.183333,0.0666667,0.033611,0.183333,0.183333,0.183333,0.00975694,0.0808333,0.0808333,0.0808333,0.35,0.5,0.465,0.283333,0.265833,0.0158333,0.484167,0.35,0.35,0.35,0.65,0.35,0.65,-0.05,-0.05,-0.5,0.166667,0.333333,0.283333,0.166667,0.166667,0.5,0.3,0.5,0.4,0.5,0.3,0.166667,0.5,1,0,0,0.5,0.5,0.166667,0.5,1,0,0.07
"ordes","ordes;q0.167;c0.500;t0.0700","0","NaN","6","DBestGuess7",0.2,0,0,1,0,0,1,-0.0175,0,0,0.35,0.35,0.0336111,0.183333,0.0166667,0.033611,0.183333,0.183333,0.183333,0.00559028,0.0641667,0.0641667,0.0641667,0.35,0.5,0.465,0.333333,0.315833,0.0658333,0.434167,0.35,0.35,0.35,0.65,0.35,0.65,-0.05,-0.05,-0.5,0.166667,0.333333,0.333333,0.166667,0.166667,0.5,0.5,0.5,0.5,0.5,0.5,0.166667,0.5,1,0,0,0.5,0.5,0.166667,0.5,1,0,0.07
"ordes","ordes;q0.167;c0.500;t0.0700","0","NaN","6","DBestGuess8",0.2,0,0,1,0,0,1,-0.0175,0,0,0.35,0.35,0.0336111,0.183333,0.0333333,0.033611,0.183333,0.183333,0.183333,0.00642361,0.0675,0.0675,0.0675,0.35,0.5,0.465,0.383333,0.365833,0.115833,0.384167,0.35,0.35,0.35,0.65,0.35,0.65,-0.05,-0.05,-0.5,0.166667,0.333333,0.383333,0.166667,0.166667,0.5,0.7,0.5,0.6,0.5,0.7,0.166667,0.5,1,0,0,0.5,0.5,0.166667,0.5,1,0,0.07
"ordes","ordes;q0.167;c0.500;t0.0700","0","NaN","6","DBestGuess9",0.2,0,0,1,0,0,1,-0.0175,0,0,0.35,0.35,0.0336111,0.183333,0.0833333,0.033611,0.183333,0.183333,0.183333,0.0122569,0.0908333,0.0908333,0.0908333,0.35,0.5,0.465,0.433333,0.415833,0.165833,0.334167,0.35,0.35,0.35,0.65,0.35,0.65,-0.05,-0.05,-0.5,0.166667,0.333333,0.433333,0.166667,0.166667,0.5,0.9,0.5,0.7,0.5,0.9,0.166667,0.5,1,0,0,0.5,0.5,0.166667,0.5,1,0,0.07
"ordes","ordes;q0.167;c0.500;t0.0700","0","NaN","6","DBestGuess10",0,,,,,,,,,,,,,,,,,,,,,,,,,,,,,,,,,,,,,,,,,,,,,,,,,,,,,,,,,,,,,
"ordes","ordes;q0.167;c0.500;t0.0700","0","NaN","6","DBestGuess11",0,,,,,,,,,,,,,,,,,,,,,,,,,,,,,,,,,,,,,,,,,,,,,,,,,,,,,,,,,,,,,
"ordes","ordes;q0.167;c0.500;t0.0700","0","NaN","6","DBestGuess12",0,,,,,,,,,,,,,,,,,,,,,,,,,,,,,,,,,,,,,,,,,,,,,,,,,,,,,,,,,,,,,
"ordes","ordes;q0.167;c0.500;t0.0700","0","NaN","6","DBestGuess13",0,,,,,,,,,,,,,,,,,,,,,,,,,,,,,,,,,,,,,,,,,,,,,,,,,,,,,,,,,,,,,
"ordes","ordes;q0.167;c0.500;t0.0700","0","NaN","6","DBestGuess14",0,,,,,,,,,,,,,,,,,,,,,,,,,,,,,,,,,,,,,,,,,,,,,,,,,,,,,,,,,,,,,
"ordes","ordes;q0.167;c0.500;t0.0700","0","NaN","6","DBestGuess15",0,,,,,,,,,,,,,,,,,,,,,,,,,,,,,,,,,,,,,,,,,,,,,,,,,,,,,,,,,,,,,
"ordes","ordes;q0.167;c0.500;t0.0700","0","NaN","6","DBestGuess16",0,,,,,,,,,,,,,,,,,,,,,,,,,,,,,,,,,,,,,,,,,,,,,,,,,,,,,,,,,,,,,
"ordes","ordes;q0.167;c0.500;t0.0700","0","NaN","6","DBestGuess17",0,,,,,,,,,,,,,,,,,,,,,,,,,,,,,,,,,,,,,,,,,,,,,,,,,,,,,,,,,,,,,
"ordes","ordes;q0.167;c0.500;t0.0700","0","NaN","6","DBestGuess18",0,,,,,,,,,,,,,,,,,,,,,,,,,,,,,,,,,,,,,,,,,,,,,,,,,,,,,,,,,,,,,
"ordes","ordes;q0.167;c0.500;t0.0700","0","NaN","6","DBestGuess19",0,,,,,,,,,,,,,,,,,,,,,,,,,,,,,,,,,,,,,,,,,,,,,,,,,,,,,,,,,,,,,
"ordes","ordes;q0.167;c0.500;t0.0700","0","NaN","6","DBestGuess20",0,,,,,,,,,,,,,,,,,,,,,,,,,,,,,,,,,,,,,,,,,,,,,,,,,,,,,,,,,,,,,
