"GroupName","OptionSet","Exploit","Refine","Seconds","Filter","All","PQuits","DQuits","Settles","Trial","Shifting","ShiftingOccursIfTrial","ShiftingValueIfTrial","PQuits","DQuits","POffer","DOffer","DMSAcc","DMSAccL1","DMSTrialRelAccL1","AccSq","Accuracy","Accuracy_ForPlaintiff","Accuracy_ForDefendant","TrialRelativeAccSq","TrialRelativeAccuracy","TrialRelativeAccuracy_ForPlaintiff","TrialRelativeAccuracy_ForDefendant","SettlementOrJudgment","DsProportionOfCost","DsProportionOfCostIfTrial","TrialValuePreShiftingIfOccurs","TrialValueWithShiftingIfOccurs","PTrialEffect_IfOccurs","DTrialEffect_IfOccurs","ResolutionValueIncludingShiftedAmount","SettlementValue","PWealth","DWealth","PWelfare","DWelfare","PQuality","DQuality","NQuality","QualitySum","PBestGuess","DBestGuess","QualitySum_PInfo","QualitySum_DInfo","PBias","DBias","NBias","BiasSum","BiasSum_PInfo","BiasSum_DInfo","Quality","Alpha_Quality","Alpha_Both_Quality","Alpha_Plaintiff_Quality","Alpha_Defendant_Quality","Alpha_Plaintiff_Bias","Alpha_Defendant_Bias","Evidence_Both_Quality","TrialCost","FeeShifting","FSMargin","FeeShiftingThreshold"
"pinfo25q","pinfo25q;q0.167;c0.125;t0.0200","-3.0530000000000005E-16","1","18","All",1,0,0,0.1,0.9,0,0,0,0,0,0.55,0.23,0.029398,0.171458,0.00479167,0.043984,0.175375,0.136875,0.227708,0.000358507,0.00495833,0.0612083,0.0612083,0.338125,0.5,0.5,0.333333,0.333333,0.270833,0.604167,0.338125,0.55,0.281875,0.605625,0.281875,0.605625,-0.05,-0.05,-0.5,0.166667,0.333333,0.333333,0.166667,0.166667,0.5,0.5,0.5,0.5,0.5,0.5,0.166667,0.5,1,0,0,0.25,0.75,0.166667,0.125,1,0,0.02
"pinfo25q","pinfo25q;q0.167;c0.125;t0.0200","-3.0530000000000005E-16","1","18","PBias1",0.1,0,0,0.1,0.9,0,0,0,0,0,0.55,0.23,0.0146007,0.120833,0.0104167,0.030694,0.136667,0.11625,0.177083,0.00108507,0.0104167,0.0666667,0.0666667,0.2875,0.5,0.5,0.277083,0.277083,0.214583,0.660417,0.2875,0.55,0.23125,0.65625,0.23125,0.65625,-0.05,-0.05,-0.5,0.166667,0.277083,0.333333,0.166667,0.166667,0.05,0.5,0.5,0.3875,0.05,0.5,0.166667,0.5,1,0,0,0.25,0.75,0.166667,0.125,1,0,0.02
"pinfo25q","pinfo25q;q0.167;c0.125;t0.0200","-3.0530000000000005E-16","1","18","PBias2",0.1,0,0,0.1,0.9,0,0,0,0,0,0.55,0.23,0.017446,0.132083,0.00916667,0.032898,0.142917,0.118333,0.188333,0.000840278,0.00916667,0.0654167,0.0654167,0.29875,0.5,0.5,0.289583,0.289583,0.227083,0.647917,0.29875,0.55,0.2425,0.645,0.2425,0.645,-0.05,-0.05,-0.5,0.166667,0.289583,0.333333,0.166667,0.166667,0.15,0.5,0.5,0.4125,0.15,0.5,0.166667,0.5,1,0,0,0.25,0.75,0.166667,0.125,1,0,0.02
"pinfo25q","pinfo25q;q0.167;c0.125;t0.0200","-3.0530000000000005E-16","1","18","PBias3",0.1,0,0,0.1,0.9,0,0,0,0,0,0.55,0.23,0.0205444,0.143333,0.00791667,0.035382,0.15,0.122083,0.199583,0.000626736,0.00791667,0.0641667,0.0641667,0.31,0.5,0.5,0.302083,0.302083,0.239583,0.635417,0.31,0.55,0.25375,0.63375,0.25375,0.63375,-0.05,-0.05,-0.5,0.166667,0.302083,0.333333,0.166667,0.166667,0.25,0.5,0.5,0.4375,0.25,0.5,0.166667,0.5,1,0,0,0.25,0.75,0.166667,0.125,1,0,0.02
"pinfo25q","pinfo25q;q0.167;c0.125;t0.0200","-3.0530000000000005E-16","1","18","PBias4",0.1,0,0,0.1,0.9,0,0,0,0,0,0.55,0.23,0.023896,0.154583,0.00666667,0.038148,0.15875,0.125833,0.210833,0.000444444,0.00666667,0.0629167,0.0629167,0.32125,0.5,0.5,0.314583,0.314583,0.252083,0.622917,0.32125,0.55,0.265,0.6225,0.265,0.6225,-0.05,-0.05,-0.5,0.166667,0.314583,0.333333,0.166667,0.166667,0.35,0.5,0.5,0.4625,0.35,0.5,0.166667,0.5,1,0,0,0.25,0.75,0.166667,0.125,1,0,0.02
"pinfo25q","pinfo25q;q0.167;c0.125;t0.0200","-3.0530000000000005E-16","1","18","PBias5",0.1,0,0,0.1,0.9,0,0,0,0,0,0.55,0.23,0.0275007,0.165833,0.00541667,0.041194,0.1675,0.130417,0.222083,0.000293403,0.00541667,0.0616667,0.0616667,0.3325,0.5,0.5,0.327083,0.327083,0.264583,0.610417,0.3325,0.55,0.27625,0.61125,0.27625,0.61125,-0.05,-0.05,-0.5,0.166667,0.327083,0.333333,0.166667,0.166667,0.45,0.5,0.5,0.4875,0.45,0.5,0.166667,0.5,1,0,0,0.25,0.75,0.166667,0.125,1,0,0.02
"pinfo25q","pinfo25q;q0.167;c0.125;t0.0200","-3.0530000000000005E-16","1","18","PBias6",0.1,0,0,0.1,0.9,0,0,0,0,0,0.55,0.23,0.0313585,0.177083,0.00416667,0.044523,0.177083,0.136667,0.233333,0.000173611,0.00416667,0.0604167,0.0604167,0.34375,0.5,0.5,0.339583,0.339583,0.277083,0.597917,0.34375,0.55,0.2875,0.6,0.2875,0.6,-0.05,-0.05,-0.5,0.166667,0.339583,0.333333,0.166667,0.166667,0.55,0.5,0.5,0.5125,0.55,0.5,0.166667,0.5,1,0,0,0.25,0.75,0.166667,0.125,1,0,0.02
"pinfo25q","pinfo25q;q0.167;c0.125;t0.0200","-3.0530000000000005E-16","1","18","PBias7",0.1,0,0,0.1,0.9,0,0,0,0,0,0.55,0.23,0.0354694,0.188333,0.00291667,0.048132,0.188333,0.142917,0.244583,8.50694E-05,0.00291667,0.0591667,0.0591667,0.355,0.5,0.5,0.352083,0.352083,0.289583,0.585417,0.355,0.55,0.29875,0.58875,0.29875,0.58875,-0.05,-0.05,-0.5,0.166667,0.352083,0.333333,0.166667,0.166667,0.65,0.5,0.5,0.5375,0.65,0.5,0.166667,0.5,1,0,0,0.25,0.75,0.166667,0.125,1,0,0.02
"pinfo25q","pinfo25q;q0.167;c0.125;t0.0200","-3.0530000000000005E-16","1","18","PBias8",0.1,0,0,0.1,0.9,0,0,0,0,0,0.55,0.23,0.0398335,0.199583,0.00166667,0.052023,0.199583,0.15,0.255833,2.77778E-05,0.00166667,0.0579167,0.0579167,0.36625,0.5,0.5,0.364583,0.364583,0.302083,0.572917,0.36625,0.55,0.31,0.5775,0.31,0.5775,-0.05,-0.05,-0.5,0.166667,0.364583,0.333333,0.166667,0.166667,0.75,0.5,0.5,0.5625,0.75,0.5,0.166667,0.5,1,0,0,0.25,0.75,0.166667,0.125,1,0,0.02
"pinfo25q","pinfo25q;q0.167;c0.125;t0.0200","-3.0530000000000005E-16","1","18","PBias9",0.1,0,0,0.1,0.9,0,0,0,0,0,0.55,0.23,0.0444507,0.210833,0.000416667,0.056194,0.210833,0.15875,0.267083,1.73611E-06,0.000416667,0.0566667,0.0566667,0.3775,0.5,0.5,0.377083,0.377083,0.314583,0.560417,0.3775,0.55,0.32125,0.56625,0.32125,0.56625,-0.05,-0.05,-0.5,0.166667,0.377083,0.333333,0.166667,0.166667,0.85,0.5,0.5,0.5875,0.85,0.5,0.166667,0.5,1,0,0,0.25,0.75,0.166667,0.125,1,0,0.02
"pinfo25q","pinfo25q;q0.167;c0.125;t0.0200","-3.0530000000000005E-16","1","18","PBias10",0.1,0,0,0.1,0.9,0,0,0,0,0,0.55,0.23,0.049321,0.222083,0.000833333,0.060648,0.222083,0.1675,0.278333,6.94444E-06,0.000833333,0.0570833,0.0570833,0.38875,0.5,0.5,0.389583,0.389583,0.327083,0.547917,0.38875,0.55,0.3325,0.555,0.3325,0.555,-0.05,-0.05,-0.5,0.166667,0.389583,0.333333,0.166667,0.166667,0.95,0.5,0.5,0.6125,0.95,0.5,0.166667,0.5,1,0,0,0.25,0.75,0.166667,0.125,1,0,0.02
"pinfo25q","pinfo25q;q0.167;c0.125;t0.0200","-3.0530000000000005E-16","1","18","DBias1",0.1,0,0,0,1,0,0,0,0,0,0.55,0.05,4.3403E-6,0.00208333,0,0.001293,0.03125,0.0645833,0.0604167,0,0,0.0625,0.0625,0.164583,0.5,0.5,0.164583,0.164583,0.102083,0.772917,0.164583,,0.102083,0.772917,0.102083,0.772917,-0.05,-0.05,-0.5,0.166667,0.333333,0.164583,0.166667,0.166667,0.5,0.05,0.5,0.1625,0.5,0.05,0.166667,0.5,1,0,0,0.25,0.75,0.166667,0.125,1,0,0.02
"pinfo25q","pinfo25q;q0.167;c0.125;t0.0200","-3.0530000000000005E-16","1","18","DBias2",0.1,0,0,0,1,0,0,0,0,0,0.55,0.15,0.0012543,0.0354167,0,0.002543,0.04125,0.0370833,0.0979167,0,0,0.0625,0.0625,0.202083,0.5,0.5,0.202083,0.202083,0.139583,0.735417,0.202083,,0.139583,0.735417,0.139583,0.735417,-0.05,-0.05,-0.5,0.166667,0.333333,0.202083,0.166667,0.166667,0.5,0.15,0.5,0.2375,0.5,0.15,0.166667,0.5,1,0,0,0.25,0.75,0.166667,0.125,1,0,0.02
"pinfo25q","pinfo25q;q0.167;c0.125;t0.0200","-3.0530000000000005E-16","1","18","DBias3",0.1,0,0,0,1,0,0,0,0,0,0.55,0.15,0.0053168,0.0729167,0,0.006606,0.0729167,0.0320833,0.135417,0,0,0.0625,0.0625,0.239583,0.5,0.5,0.239583,0.239583,0.177083,0.697917,0.239583,,0.177083,0.697917,0.177083,0.697917,-0.05,-0.05,-0.5,0.166667,0.333333,0.239583,0.166667,0.166667,0.5,0.25,0.5,0.3125,0.5,0.25,0.166667,0.5,1,0,0,0.25,0.75,0.166667,0.125,1,0,0.02
"pinfo25q","pinfo25q;q0.167;c0.125;t0.0200","-3.0530000000000005E-16","1","18","DBias4",0.1,0,0,0,1,0,0,0,0,0,0.55,0.15,0.0121918,0.110417,0,0.013481,0.110417,0.0495833,0.172917,0,0,0.0625,0.0625,0.277083,0.5,0.5,0.277083,0.277083,0.214583,0.660417,0.277083,,0.214583,0.660417,0.214583,0.660417,-0.05,-0.05,-0.5,0.166667,0.333333,0.277083,0.166667,0.166667,0.5,0.35,0.5,0.3875,0.5,0.35,0.166667,0.5,1,0,0,0.25,0.75,0.166667,0.125,1,0,0.02
"pinfo25q","pinfo25q;q0.167;c0.125;t0.0200","-3.0530000000000005E-16","1","18","DBias5",0.1,0,0,0,1,0,0,0,0,0,0.55,0.25,0.0218793,0.147917,0,0.023168,0.147917,0.0854167,0.210417,0,0,0.0625,0.0625,0.314583,0.5,0.5,0.314583,0.314583,0.252083,0.622917,0.314583,,0.252083,0.622917,0.252083,0.622917,-0.05,-0.05,-0.5,0.166667,0.333333,0.314583,0.166667,0.166667,0.5,0.45,0.5,0.4625,0.5,0.45,0.166667,0.5,1,0,0,0.25,0.75,0.166667,0.125,1,0,0.02
"pinfo25q","pinfo25q;q0.167;c0.125;t0.0200","-3.0530000000000005E-16","1","18","DBias6",0.1,0,0,0,1,0,0,0,0,0,0.55,0.25,0.0343793,0.185417,0,0.035668,0.185417,0.122917,0.247917,0,0,0.0625,0.0625,0.352083,0.5,0.5,0.352083,0.352083,0.289583,0.585417,0.352083,,0.289583,0.585417,0.289583,0.585417,-0.05,-0.05,-0.5,0.166667,0.333333,0.352083,0.166667,0.166667,0.5,0.55,0.5,0.5375,0.5,0.55,0.166667,0.5,1,0,0,0.25,0.75,0.166667,0.125,1,0,0.02
"pinfo25q","pinfo25q;q0.167;c0.125;t0.0200","-3.0530000000000005E-16","1","18","DBias7",0.1,0,0,0,1,0,0,0,0,0,0.55,0.25,0.0496918,0.222917,0,0.050981,0.222917,0.160417,0.285417,0,0,0.0625,0.0625,0.389583,0.5,0.5,0.389583,0.389583,0.327083,0.547917,0.389583,,0.327083,0.547917,0.327083,0.547917,-0.05,-0.05,-0.5,0.166667,0.333333,0.389583,0.166667,0.166667,0.5,0.65,0.5,0.6125,0.5,0.65,0.166667,0.5,1,0,0,0.25,0.75,0.166667,0.125,1,0,0.02
"pinfo25q","pinfo25q;q0.167;c0.125;t0.0200","-3.0530000000000005E-16","1","18","DBias8",0.1,0,0,0,1,0,0,0,0,0,0.55,0.25,0.0678168,0.260417,0,0.069106,0.260417,0.197917,0.322917,0,0,0.0625,0.0625,0.427083,0.5,0.5,0.427083,0.427083,0.364583,0.510417,0.427083,,0.364583,0.510417,0.364583,0.510417,-0.05,-0.05,-0.5,0.166667,0.333333,0.427083,0.166667,0.166667,0.5,0.75,0.5,0.6875,0.5,0.75,0.166667,0.5,1,0,0,0.25,0.75,0.166667,0.125,1,0,0.02
"pinfo25q","pinfo25q;q0.167;c0.125;t0.0200","-3.0530000000000005E-16","1","18","DBias9",0.1,0,0,0,1,0,0,0,0,0,0.55,0.25,0.0887543,0.297917,0,0.090043,0.297917,0.235417,0.360417,0,0,0.0625,0.0625,0.464583,0.5,0.5,0.464583,0.464583,0.402083,0.472917,0.464583,,0.402083,0.472917,0.402083,0.472917,-0.05,-0.05,-0.5,0.166667,0.333333,0.464583,0.166667,0.166667,0.5,0.85,0.5,0.7625,0.5,0.85,0.166667,0.5,1,0,0,0.25,0.75,0.166667,0.125,1,0,0.02
"pinfo25q","pinfo25q;q0.167;c0.125;t0.0200","-3.0530000000000005E-16","1","18","DBias10",0.1,0,0,1,0,0,0,0,0,0,0.55,0.55,0.146944,0.383333,0.0479167,0.146944,0.383333,0.383333,0.383333,0.00358507,0.0495833,0.0495833,0.0495833,0.55,0.5,0.5,0.502083,0.502083,0.439583,0.435417,0.55,0.55,0.55,0.45,0.55,0.45,-0.05,-0.05,-0.5,0.166667,0.333333,0.502083,0.166667,0.166667,0.5,0.95,0.5,0.8375,0.5,0.95,0.166667,0.5,1,0,0,0.25,0.75,0.166667,0.125,1,0,0.02
"pinfo25q","pinfo25q;q0.167;c0.125;t0.0200","-3.0530000000000005E-16","1","18","POffer1",0,,,,,,,,,,,,,,,,,,,,,,,,,,,,,,,,,,,,,,,,,,,,,,,,,,,,,,,,,,,,,
"pinfo25q","pinfo25q;q0.167;c0.125;t0.0200","-3.0530000000000005E-16","1","18","POffer2",0,,,,,,,,,,,,,,,,,,,,,,,,,,,,,,,,,,,,,,,,,,,,,,,,,,,,,,,,,,,,,
"pinfo25q","pinfo25q;q0.167;c0.125;t0.0200","-3.0530000000000005E-16","1","18","POffer3",0,,,,,,,,,,,,,,,,,,,,,,,,,,,,,,,,,,,,,,,,,,,,,,,,,,,,,,,,,,,,,
"pinfo25q","pinfo25q;q0.167;c0.125;t0.0200","-3.0530000000000005E-16","1","18","POffer4",0,,,,,,,,,,,,,,,,,,,,,,,,,,,,,,,,,,,,,,,,,,,,,,,,,,,,,,,,,,,,,
"pinfo25q","pinfo25q;q0.167;c0.125;t0.0200","-3.0530000000000005E-16","1","18","POffer5",0,,,,,,,,,,,,,,,,,,,,,,,,,,,,,,,,,,,,,,,,,,,,,,,,,,,,,,,,,,,,,
"pinfo25q","pinfo25q;q0.167;c0.125;t0.0200","-3.0530000000000005E-16","1","18","POffer6",0,,,,,,,,,,,,,,,,,,,,,,,,,,,,,,,,,,,,,,,,,,,,,,,,,,,,,,,,,,,,,
"pinfo25q","pinfo25q;q0.167;c0.125;t0.0200","-3.0530000000000005E-16","1","18","POffer7",1,0,0,0.1,0.9,0,0,0,0,0,0.55,0.23,0.029398,0.171458,0.00479167,0.043984,0.175375,0.136875,0.227708,0.000358507,0.00495833,0.0612083,0.0612083,0.338125,0.5,0.5,0.333333,0.333333,0.270833,0.604167,0.338125,0.55,0.281875,0.605625,0.281875,0.605625,-0.05,-0.05,-0.5,0.166667,0.333333,0.333333,0.166667,0.166667,0.5,0.5,0.5,0.5,0.5,0.5,0.166667,0.5,1,0,0,0.25,0.75,0.166667,0.125,1,0,0.02
"pinfo25q","pinfo25q;q0.167;c0.125;t0.0200","-3.0530000000000005E-16","1","18","POffer8",0,,,,,,,,,,,,,,,,,,,,,,,,,,,,,,,,,,,,,,,,,,,,,,,,,,,,,,,,,,,,,
"pinfo25q","pinfo25q;q0.167;c0.125;t0.0200","-3.0530000000000005E-16","1","18","POffer9",0,,,,,,,,,,,,,,,,,,,,,,,,,,,,,,,,,,,,,,,,,,,,,,,,,,,,,,,,,,,,,
"pinfo25q","pinfo25q;q0.167;c0.125;t0.0200","-3.0530000000000005E-16","1","18","POffer10",0,,,,,,,,,,,,,,,,,,,,,,,,,,,,,,,,,,,,,,,,,,,,,,,,,,,,,,,,,,,,,
"pinfo25q","pinfo25q;q0.167;c0.125;t0.0200","-3.0530000000000005E-16","1","18","POffer11",0,,,,,,,,,,,,,,,,,,,,,,,,,,,,,,,,,,,,,,,,,,,,,,,,,,,,,,,,,,,,,
"pinfo25q","pinfo25q;q0.167;c0.125;t0.0200","-3.0530000000000005E-16","1","18","POffer12",0,,,,,,,,,,,,,,,,,,,,,,,,,,,,,,,,,,,,,,,,,,,,,,,,,,,,,,,,,,,,,
"pinfo25q","pinfo25q;q0.167;c0.125;t0.0200","-3.0530000000000005E-16","1","18","DOffer1",0,,,,,,,,,,,,,,,,,,,,,,,,,,,,,,,,,,,,,,,,,,,,,,,,,,,,,,,,,,,,,
"pinfo25q","pinfo25q;q0.167;c0.125;t0.0200","-3.0530000000000005E-16","1","18","DOffer2",0.1,0,0,0,1,0,0,0,0,0,0.55,0.05,4.3403E-6,0.00208333,0,0.001293,0.03125,0.0645833,0.0604167,0,0,0.0625,0.0625,0.164583,0.5,0.5,0.164583,0.164583,0.102083,0.772917,0.164583,,0.102083,0.772917,0.102083,0.772917,-0.05,-0.05,-0.5,0.166667,0.333333,0.164583,0.166667,0.166667,0.5,0.05,0.5,0.1625,0.5,0.05,0.166667,0.5,1,0,0,0.25,0.75,0.166667,0.125,1,0,0.02
"pinfo25q","pinfo25q;q0.167;c0.125;t0.0200","-3.0530000000000005E-16","1","18","DOffer3",0.3,0,0,0,1,0,0,0,0,0,0.55,0.15,0.0053168,0.0729167,0,0.007543,0.0748611,0.0395833,0.135417,0,0,0.0625,0.0625,0.239583,0.5,0.5,0.239583,0.239583,0.177083,0.697917,0.239583,,0.177083,0.697917,0.177083,0.697917,-0.05,-0.05,-0.5,0.166667,0.333333,0.239583,0.166667,0.166667,0.5,0.25,0.5,0.3125,0.5,0.25,0.166667,0.5,1,0,0,0.25,0.75,0.166667,0.125,1,0,0.02
"pinfo25q","pinfo25q;q0.167;c0.125;t0.0200","-3.0530000000000005E-16","1","18","DOffer4",0.5,0,0,0,1,0,0,0,0,0,0.55,0.25,0.0496918,0.222917,0,0.053793,0.222917,0.160417,0.285417,0,0,0.0625,0.0625,0.389583,0.5,0.5,0.389583,0.389583,0.327083,0.547917,0.389583,,0.327083,0.547917,0.327083,0.547917,-0.05,-0.05,-0.5,0.166667,0.333333,0.389583,0.166667,0.166667,0.5,0.65,0.5,0.6125,0.5,0.65,0.166667,0.5,1,0,0,0.25,0.75,0.166667,0.125,1,0,0.02
"pinfo25q","pinfo25q;q0.167;c0.125;t0.0200","-3.0530000000000005E-16","1","18","DOffer5",0,,,,,,,,,,,,,,,,,,,,,,,,,,,,,,,,,,,,,,,,,,,,,,,,,,,,,,,,,,,,,
"pinfo25q","pinfo25q;q0.167;c0.125;t0.0200","-3.0530000000000005E-16","1","18","DOffer6",0,,,,,,,,,,,,,,,,,,,,,,,,,,,,,,,,,,,,,,,,,,,,,,,,,,,,,,,,,,,,,
"pinfo25q","pinfo25q;q0.167;c0.125;t0.0200","-3.0530000000000005E-16","1","18","DOffer7",0.1,0,0,1,0,0,0,0,0,0,0.55,0.55,0.146944,0.383333,0.0479167,0.146944,0.383333,0.383333,0.383333,0.00358507,0.0495833,0.0495833,0.0495833,0.55,0.5,0.5,0.502083,0.502083,0.439583,0.435417,0.55,0.55,0.55,0.45,0.55,0.45,-0.05,-0.05,-0.5,0.166667,0.333333,0.502083,0.166667,0.166667,0.5,0.95,0.5,0.8375,0.5,0.95,0.166667,0.5,1,0,0,0.25,0.75,0.166667,0.125,1,0,0.02
"pinfo25q","pinfo25q;q0.167;c0.125;t0.0200","-3.0530000000000005E-16","1","18","DOffer8",0,,,,,,,,,,,,,,,,,,,,,,,,,,,,,,,,,,,,,,,,,,,,,,,,,,,,,,,,,,,,,
"pinfo25q","pinfo25q;q0.167;c0.125;t0.0200","-3.0530000000000005E-16","1","18","DOffer9",0,,,,,,,,,,,,,,,,,,,,,,,,,,,,,,,,,,,,,,,,,,,,,,,,,,,,,,,,,,,,,
"pinfo25q","pinfo25q;q0.167;c0.125;t0.0200","-3.0530000000000005E-16","1","18","DOffer10",0,,,,,,,,,,,,,,,,,,,,,,,,,,,,,,,,,,,,,,,,,,,,,,,,,,,,,,,,,,,,,
"pinfo25q","pinfo25q;q0.167;c0.125;t0.0200","-3.0530000000000005E-16","1","18","DOffer11",0,,,,,,,,,,,,,,,,,,,,,,,,,,,,,,,,,,,,,,,,,,,,,,,,,,,,,,,,,,,,,
"pinfo25q","pinfo25q;q0.167;c0.125;t0.0200","-3.0530000000000005E-16","1","18","DOffer12",0,,,,,,,,,,,,,,,,,,,,,,,,,,,,,,,,,,,,,,,,,,,,,,,,,,,,,,,,,,,,,
"pinfo25q","pinfo25q;q0.167;c0.125;t0.0200","-3.0530000000000005E-16","1","18","QualitySum1",0,,,,,,,,,,,,,,,,,,,,,,,,,,,,,,,,,,,,,,,,,,,,,,,,,,,,,,,,,,,,,
"pinfo25q","pinfo25q;q0.167;c0.125;t0.0200","-3.0530000000000005E-16","1","18","QualitySum2",0,,,,,,,,,,,,,,,,,,,,,,,,,,,,,,,,,,,,,,,,,,,,,,,,,,,,,,,,,,,,,
"pinfo25q","pinfo25q;q0.167;c0.125;t0.0200","-3.0530000000000005E-16","1","18","QualitySum3",0,,,,,,,,,,,,,,,,,,,,,,,,,,,,,,,,,,,,,,,,,,,,,,,,,,,,,,,,,,,,,
"pinfo25q","pinfo25q;q0.167;c0.125;t0.0200","-3.0530000000000005E-16","1","18","QualitySum4",1,0,0,0.1,0.9,0,0,0,0,0,0.55,0.23,0.029398,0.171458,0.00479167,0.043984,0.175375,0.136875,0.227708,0.000358507,0.00495833,0.0612083,0.0612083,0.338125,0.5,0.5,0.333333,0.333333,0.270833,0.604167,0.338125,0.55,0.281875,0.605625,0.281875,0.605625,-0.05,-0.05,-0.5,0.166667,0.333333,0.333333,0.166667,0.166667,0.5,0.5,0.5,0.5,0.5,0.5,0.166667,0.5,1,0,0,0.25,0.75,0.166667,0.125,1,0,0.02
"pinfo25q","pinfo25q;q0.167;c0.125;t0.0200","-3.0530000000000005E-16","1","18","QualitySum5",0,,,,,,,,,,,,,,,,,,,,,,,,,,,,,,,,,,,,,,,,,,,,,,,,,,,,,,,,,,,,,
"pinfo25q","pinfo25q;q0.167;c0.125;t0.0200","-3.0530000000000005E-16","1","18","QualitySum6",0,,,,,,,,,,,,,,,,,,,,,,,,,,,,,,,,,,,,,,,,,,,,,,,,,,,,,,,,,,,,,
"pinfo25q","pinfo25q;q0.167;c0.125;t0.0200","-3.0530000000000005E-16","1","18","QualitySum7",0,,,,,,,,,,,,,,,,,,,,,,,,,,,,,,,,,,,,,,,,,,,,,,,,,,,,,,,,,,,,,
"pinfo25q","pinfo25q;q0.167;c0.125;t0.0200","-3.0530000000000005E-16","1","18","QualitySum8",0,,,,,,,,,,,,,,,,,,,,,,,,,,,,,,,,,,,,,,,,,,,,,,,,,,,,,,,,,,,,,
"pinfo25q","pinfo25q;q0.167;c0.125;t0.0200","-3.0530000000000005E-16","1","18","QualitySum9",0,,,,,,,,,,,,,,,,,,,,,,,,,,,,,,,,,,,,,,,,,,,,,,,,,,,,,,,,,,,,,
"pinfo25q","pinfo25q;q0.167;c0.125;t0.0200","-3.0530000000000005E-16","1","18","QualitySum10",0,,,,,,,,,,,,,,,,,,,,,,,,,,,,,,,,,,,,,,,,,,,,,,,,,,,,,,,,,,,,,
"pinfo25q","pinfo25q;q0.167;c0.125;t0.0200","-3.0530000000000005E-16","1","18","QualitySum11",0,,,,,,,,,,,,,,,,,,,,,,,,,,,,,,,,,,,,,,,,,,,,,,,,,,,,,,,,,,,,,
"pinfo25q","pinfo25q;q0.167;c0.125;t0.0200","-3.0530000000000005E-16","1","18","QualitySum12",0,,,,,,,,,,,,,,,,,,,,,,,,,,,,,,,,,,,,,,,,,,,,,,,,,,,,,,,,,,,,,
"pinfo25q","pinfo25q;q0.167;c0.125;t0.0200","-3.0530000000000005E-16","1","18","QualitySum13",0,,,,,,,,,,,,,,,,,,,,,,,,,,,,,,,,,,,,,,,,,,,,,,,,,,,,,,,,,,,,,
"pinfo25q","pinfo25q;q0.167;c0.125;t0.0200","-3.0530000000000005E-16","1","18","QualitySum14",0,,,,,,,,,,,,,,,,,,,,,,,,,,,,,,,,,,,,,,,,,,,,,,,,,,,,,,,,,,,,,
"pinfo25q","pinfo25q;q0.167;c0.125;t0.0200","-3.0530000000000005E-16","1","18","QualitySum15",0,,,,,,,,,,,,,,,,,,,,,,,,,,,,,,,,,,,,,,,,,,,,,,,,,,,,,,,,,,,,,
"pinfo25q","pinfo25q;q0.167;c0.125;t0.0200","-3.0530000000000005E-16","1","18","QualitySum16",0,,,,,,,,,,,,,,,,,,,,,,,,,,,,,,,,,,,,,,,,,,,,,,,,,,,,,,,,,,,,,
"pinfo25q","pinfo25q;q0.167;c0.125;t0.0200","-3.0530000000000005E-16","1","18","QualitySum17",0,,,,,,,,,,,,,,,,,,,,,,,,,,,,,,,,,,,,,,,,,,,,,,,,,,,,,,,,,,,,,
"pinfo25q","pinfo25q;q0.167;c0.125;t0.0200","-3.0530000000000005E-16","1","18","QualitySum18",0,,,,,,,,,,,,,,,,,,,,,,,,,,,,,,,,,,,,,,,,,,,,,,,,,,,,,,,,,,,,,
"pinfo25q","pinfo25q;q0.167;c0.125;t0.0200","-3.0530000000000005E-16","1","18","QualitySum19",0,,,,,,,,,,,,,,,,,,,,,,,,,,,,,,,,,,,,,,,,,,,,,,,,,,,,,,,,,,,,,
"pinfo25q","pinfo25q;q0.167;c0.125;t0.0200","-3.0530000000000005E-16","1","18","QualitySum20",0,,,,,,,,,,,,,,,,,,,,,,,,,,,,,,,,,,,,,,,,,,,,,,,,,,,,,,,,,,,,,
"pinfo25q","pinfo25q;q0.167;c0.125;t0.0200","-3.0530000000000005E-16","1","18","PBestGuess1",0,,,,,,,,,,,,,,,,,,,,,,,,,,,,,,,,,,,,,,,,,,,,,,,,,,,,,,,,,,,,,
"pinfo25q","pinfo25q;q0.167;c0.125;t0.0200","-3.0530000000000005E-16","1","18","PBestGuess2",0,,,,,,,,,,,,,,,,,,,,,,,,,,,,,,,,,,,,,,,,,,,,,,,,,,,,,,,,,,,,,
"pinfo25q","pinfo25q;q0.167;c0.125;t0.0200","-3.0530000000000005E-16","1","18","PBestGuess3",0,,,,,,,,,,,,,,,,,,,,,,,,,,,,,,,,,,,,,,,,,,,,,,,,,,,,,,,,,,,,,
"pinfo25q","pinfo25q;q0.167;c0.125;t0.0200","-3.0530000000000005E-16","1","18","PBestGuess4",0,,,,,,,,,,,,,,,,,,,,,,,,,,,,,,,,,,,,,,,,,,,,,,,,,,,,,,,,,,,,,
"pinfo25q","pinfo25q;q0.167;c0.125;t0.0200","-3.0530000000000005E-16","1","18","PBestGuess5",0,,,,,,,,,,,,,,,,,,,,,,,,,,,,,,,,,,,,,,,,,,,,,,,,,,,,,,,,,,,,,
"pinfo25q","pinfo25q;q0.167;c0.125;t0.0200","-3.0530000000000005E-16","1","18","PBestGuess6",0.2,0,0,0.1,0.9,0,0,0,0,0,0.55,0.23,0.0159917,0.126458,0.00979167,0.031796,0.139792,0.117292,0.182708,0.000962674,0.00979167,0.0660417,0.0660417,0.293125,0.5,0.5,0.283333,0.283333,0.220833,0.654167,0.293125,0.55,0.236875,0.650625,0.236875,0.650625,-0.05,-0.05,-0.5,0.166667,0.283333,0.333333,0.166667,0.166667,0.1,0.5,0.5,0.4,0.1,0.5,0.166667,0.5,1,0,0,0.25,0.75,0.166667,0.125,1,0,0.02
"pinfo25q","pinfo25q;q0.167;c0.125;t0.0200","-3.0530000000000005E-16","1","18","PBestGuess7",0.4,0,0,0.1,0.9,0,0,0,0,0,0.55,0.23,0.0256667,0.160208,0.00604167,0.039812,0.163333,0.12875,0.216458,0.000384549,0.00604167,0.0622917,0.0622917,0.326875,0.5,0.5,0.320833,0.320833,0.258333,0.616667,0.326875,0.55,0.270625,0.616875,0.270625,0.616875,-0.05,-0.05,-0.5,0.166667,0.320833,0.333333,0.166667,0.166667,0.4,0.5,0.5,0.475,0.4,0.5,0.166667,0.5,1,0,0,0.25,0.75,0.166667,0.125,1,0,0.02
"pinfo25q","pinfo25q;q0.167;c0.125;t0.0200","-3.0530000000000005E-16","1","18","PBestGuess8",0.4,0,0,0.1,0.9,0,0,0,0,0,0.55,0.23,0.0421105,0.205208,0.00104167,0.054249,0.205208,0.154792,0.261458,3.03819E-05,0.00145833,0.0577083,0.0577083,0.371875,0.5,0.5,0.370833,0.370833,0.308333,0.566667,0.371875,0.55,0.315625,0.571875,0.315625,0.571875,-0.05,-0.05,-0.5,0.166667,0.370833,0.333333,0.166667,0.166667,0.8,0.5,0.5,0.575,0.8,0.5,0.166667,0.5,1,0,0,0.25,0.75,0.166667,0.125,1,0,0.02
"pinfo25q","pinfo25q;q0.167;c0.125;t0.0200","-3.0530000000000005E-16","1","18","PBestGuess9",0,,,,,,,,,,,,,,,,,,,,,,,,,,,,,,,,,,,,,,,,,,,,,,,,,,,,,,,,,,,,,
"pinfo25q","pinfo25q;q0.167;c0.125;t0.0200","-3.0530000000000005E-16","1","18","PBestGuess10",0,,,,,,,,,,,,,,,,,,,,,,,,,,,,,,,,,,,,,,,,,,,,,,,,,,,,,,,,,,,,,
"pinfo25q","pinfo25q;q0.167;c0.125;t0.0200","-3.0530000000000005E-16","1","18","PBestGuess11",0,,,,,,,,,,,,,,,,,,,,,,,,,,,,,,,,,,,,,,,,,,,,,,,,,,,,,,,,,,,,,
"pinfo25q","pinfo25q;q0.167;c0.125;t0.0200","-3.0530000000000005E-16","1","18","PBestGuess12",0,,,,,,,,,,,,,,,,,,,,,,,,,,,,,,,,,,,,,,,,,,,,,,,,,,,,,,,,,,,,,
"pinfo25q","pinfo25q;q0.167;c0.125;t0.0200","-3.0530000000000005E-16","1","18","PBestGuess13",0,,,,,,,,,,,,,,,,,,,,,,,,,,,,,,,,,,,,,,,,,,,,,,,,,,,,,,,,,,,,,
"pinfo25q","pinfo25q;q0.167;c0.125;t0.0200","-3.0530000000000005E-16","1","18","PBestGuess14",0,,,,,,,,,,,,,,,,,,,,,,,,,,,,,,,,,,,,,,,,,,,,,,,,,,,,,,,,,,,,,
"pinfo25q","pinfo25q;q0.167;c0.125;t0.0200","-3.0530000000000005E-16","1","18","PBestGuess15",0,,,,,,,,,,,,,,,,,,,,,,,,,,,,,,,,,,,,,,,,,,,,,,,,,,,,,,,,,,,,,
"pinfo25q","pinfo25q;q0.167;c0.125;t0.0200","-3.0530000000000005E-16","1","18","PBestGuess16",0,,,,,,,,,,,,,,,,,,,,,,,,,,,,,,,,,,,,,,,,,,,,,,,,,,,,,,,,,,,,,
"pinfo25q","pinfo25q;q0.167;c0.125;t0.0200","-3.0530000000000005E-16","1","18","PBestGuess17",0,,,,,,,,,,,,,,,,,,,,,,,,,,,,,,,,,,,,,,,,,,,,,,,,,,,,,,,,,,,,,
"pinfo25q","pinfo25q;q0.167;c0.125;t0.0200","-3.0530000000000005E-16","1","18","PBestGuess18",0,,,,,,,,,,,,,,,,,,,,,,,,,,,,,,,,,,,,,,,,,,,,,,,,,,,,,,,,,,,,,
"pinfo25q","pinfo25q;q0.167;c0.125;t0.0200","-3.0530000000000005E-16","1","18","PBestGuess19",0,,,,,,,,,,,,,,,,,,,,,,,,,,,,,,,,,,,,,,,,,,,,,,,,,,,,,,,,,,,,,
"pinfo25q","pinfo25q;q0.167;c0.125;t0.0200","-3.0530000000000005E-16","1","18","PBestGuess20",0,,,,,,,,,,,,,,,,,,,,,,,,,,,,,,,,,,,,,,,,,,,,,,,,,,,,,,,,,,,,,
"pinfo25q","pinfo25q;q0.167;c0.125;t0.0200","-3.0530000000000005E-16","1","18","DBestGuess1",0,,,,,,,,,,,,,,,,,,,,,,,,,,,,,,,,,,,,,,,,,,,,,,,,,,,,,,,,,,,,,
"pinfo25q","pinfo25q;q0.167;c0.125;t0.0200","-3.0530000000000005E-16","1","18","DBestGuess2",0,,,,,,,,,,,,,,,,,,,,,,,,,,,,,,,,,,,,,,,,,,,,,,,,,,,,,,,,,,,,,
"pinfo25q","pinfo25q;q0.167;c0.125;t0.0200","-3.0530000000000005E-16","1","18","DBestGuess3",0,,,,,,,,,,,,,,,,,,,,,,,,,,,,,,,,,,,,,,,,,,,,,,,,,,,,,,,,,,,,,
"pinfo25q","pinfo25q;q0.167;c0.125;t0.0200","-3.0530000000000005E-16","1","18","DBestGuess4",0.1,0,0,0,1,0,0,0,0,0,0.55,0.05,4.3403E-6,0.00208333,0,0.001293,0.03125,0.0645833,0.0604167,0,0,0.0625,0.0625,0.164583,0.5,0.5,0.164583,0.164583,0.102083,0.772917,0.164583,,0.102083,0.772917,0.102083,0.772917,-0.05,-0.05,-0.5,0.166667,0.333333,0.164583,0.166667,0.166667,0.5,0.05,0.5,0.1625,0.5,0.05,0.166667,0.5,1,0,0,0.25,0.75,0.166667,0.125,1,0,0.02
"pinfo25q","pinfo25q;q0.167;c0.125;t0.0200","-3.0530000000000005E-16","1","18","DBestGuess5",0.2,0,0,0,1,0,0,0,0,0,0.55,0.15,0.002934,0.0541667,0,0.004575,0.0570833,0.0345833,0.116667,0,0,0.0625,0.0625,0.220833,0.5,0.5,0.220833,0.220833,0.158333,0.716667,0.220833,,0.158333,0.716667,0.158333,0.716667,-0.05,-0.05,-0.5,0.166667,0.333333,0.220833,0.166667,0.166667,0.5,0.2,0.5,0.275,0.5,0.2,0.166667,0.5,1,0,0,0.25,0.75,0.166667,0.125,1,0,0.02
"pinfo25q","pinfo25q;q0.167;c0.125;t0.0200","-3.0530000000000005E-16","1","18","DBestGuess6",0.1,0,0,0,1,0,0,0,0,0,0.55,0.15,0.0121918,0.110417,0,0.013481,0.110417,0.0495833,0.172917,0,0,0.0625,0.0625,0.277083,0.5,0.5,0.277083,0.277083,0.214583,0.660417,0.277083,,0.214583,0.660417,0.214583,0.660417,-0.05,-0.05,-0.5,0.166667,0.333333,0.277083,0.166667,0.166667,0.5,0.35,0.5,0.3875,0.5,0.35,0.166667,0.5,1,0,0,0.25,0.75,0.166667,0.125,1,0,0.02
"pinfo25q","pinfo25q;q0.167;c0.125;t0.0200","-3.0530000000000005E-16","1","18","DBestGuess7",0.1,0,0,0,1,0,0,0,0,0,0.55,0.25,0.0218793,0.147917,0,0.023168,0.147917,0.0854167,0.210417,0,0,0.0625,0.0625,0.314583,0.5,0.5,0.314583,0.314583,0.252083,0.622917,0.314583,,0.252083,0.622917,0.252083,0.622917,-0.05,-0.05,-0.5,0.166667,0.333333,0.314583,0.166667,0.166667,0.5,0.45,0.5,0.4625,0.5,0.45,0.166667,0.5,1,0,0,0.25,0.75,0.166667,0.125,1,0,0.02
"pinfo25q","pinfo25q;q0.167;c0.125;t0.0200","-3.0530000000000005E-16","1","18","DBestGuess8",0.2,0,0,0,1,0,0,0,0,0,0.55,0.25,0.041684,0.204167,0,0.043325,0.204167,0.141667,0.266667,0,0,0.0625,0.0625,0.370833,0.5,0.5,0.370833,0.370833,0.308333,0.566667,0.370833,,0.308333,0.566667,0.308333,0.566667,-0.05,-0.05,-0.5,0.166667,0.333333,0.370833,0.166667,0.166667,0.5,0.6,0.5,0.575,0.5,0.6,0.166667,0.5,1,0,0,0.25,0.75,0.166667,0.125,1,0,0.02
"pinfo25q","pinfo25q;q0.167;c0.125;t0.0200","-3.0530000000000005E-16","1","18","DBestGuess9",0.1,0,0,0,1,0,0,0,0,0,0.55,0.25,0.0678168,0.260417,0,0.069106,0.260417,0.197917,0.322917,0,0,0.0625,0.0625,0.427083,0.5,0.5,0.427083,0.427083,0.364583,0.510417,0.427083,,0.364583,0.510417,0.364583,0.510417,-0.05,-0.05,-0.5,0.166667,0.333333,0.427083,0.166667,0.166667,0.5,0.75,0.5,0.6875,0.5,0.75,0.166667,0.5,1,0,0,0.25,0.75,0.166667,0.125,1,0,0.02
"pinfo25q","pinfo25q;q0.167;c0.125;t0.0200","-3.0530000000000005E-16","1","18","DBestGuess10",0.1,0,0,0,1,0,0,0,0,0,0.55,0.25,0.0887543,0.297917,0,0.090043,0.297917,0.235417,0.360417,0,0,0.0625,0.0625,0.464583,0.5,0.5,0.464583,0.464583,0.402083,0.472917,0.464583,,0.402083,0.472917,0.402083,0.472917,-0.05,-0.05,-0.5,0.166667,0.333333,0.464583,0.166667,0.166667,0.5,0.85,0.5,0.7625,0.5,0.85,0.166667,0.5,1,0,0,0.25,0.75,0.166667,0.125,1,0,0.02
"pinfo25q","pinfo25q;q0.167;c0.125;t0.0200","-3.0530000000000005E-16","1","18","DBestGuess11",0.1,0,0,1,0,0,0,0,0,0,0.55,0.55,0.146944,0.383333,0.0479167,0.146944,0.383333,0.383333,0.383333,0.00358507,0.0495833,0.0495833,0.0495833,0.55,0.5,0.5,0.502083,0.502083,0.439583,0.435417,0.55,0.55,0.55,0.45,0.55,0.45,-0.05,-0.05,-0.5,0.166667,0.333333,0.502083,0.166667,0.166667,0.5,0.95,0.5,0.8375,0.5,0.95,0.166667,0.5,1,0,0,0.25,0.75,0.166667,0.125,1,0,0.02
"pinfo25q","pinfo25q;q0.167;c0.125;t0.0200","-3.0530000000000005E-16","1","18","DBestGuess12",0,,,,,,,,,,,,,,,,,,,,,,,,,,,,,,,,,,,,,,,,,,,,,,,,,,,,,,,,,,,,,
"pinfo25q","pinfo25q;q0.167;c0.125;t0.0200","-3.0530000000000005E-16","1","18","DBestGuess13",0,,,,,,,,,,,,,,,,,,,,,,,,,,,,,,,,,,,,,,,,,,,,,,,,,,,,,,,,,,,,,
"pinfo25q","pinfo25q;q0.167;c0.125;t0.0200","-3.0530000000000005E-16","1","18","DBestGuess14",0,,,,,,,,,,,,,,,,,,,,,,,,,,,,,,,,,,,,,,,,,,,,,,,,,,,,,,,,,,,,,
"pinfo25q","pinfo25q;q0.167;c0.125;t0.0200","-3.0530000000000005E-16","1","18","DBestGuess15",0,,,,,,,,,,,,,,,,,,,,,,,,,,,,,,,,,,,,,,,,,,,,,,,,,,,,,,,,,,,,,
"pinfo25q","pinfo25q;q0.167;c0.125;t0.0200","-3.0530000000000005E-16","1","18","DBestGuess16",0,,,,,,,,,,,,,,,,,,,,,,,,,,,,,,,,,,,,,,,,,,,,,,,,,,,,,,,,,,,,,
"pinfo25q","pinfo25q;q0.167;c0.125;t0.0200","-3.0530000000000005E-16","1","18","DBestGuess17",0,,,,,,,,,,,,,,,,,,,,,,,,,,,,,,,,,,,,,,,,,,,,,,,,,,,,,,,,,,,,,
"pinfo25q","pinfo25q;q0.167;c0.125;t0.0200","-3.0530000000000005E-16","1","18","DBestGuess18",0,,,,,,,,,,,,,,,,,,,,,,,,,,,,,,,,,,,,,,,,,,,,,,,,,,,,,,,,,,,,,
"pinfo25q","pinfo25q;q0.167;c0.125;t0.0200","-3.0530000000000005E-16","1","18","DBestGuess19",0,,,,,,,,,,,,,,,,,,,,,,,,,,,,,,,,,,,,,,,,,,,,,,,,,,,,,,,,,,,,,
"pinfo25q","pinfo25q;q0.167;c0.125;t0.0200","-3.0530000000000005E-16","1","18","DBestGuess20",0,,,,,,,,,,,,,,,,,,,,,,,,,,,,,,,,,,,,,,,,,,,,,,,,,,,,,,,,,,,,,
