"OptionSet","Exploit","Filter","All","NoDispute","DisputeArises","LitigQuality","PFiles","DAnswers","PBargains1","DBargains1","POffer1","DOffer1","POfferMixedness1","DOfferMixedness1","Settles1","PBet1","DBet1","PBetMixedness1","DBetMixedness1","PAbandons1","DDefaults1","Trial","PWinPct","PWealth","DWealth","PWelfare","DWelfare","TotExpense","False+","False-","False+-","False+^2","False-^2","PDSWelfare","Chips","Settles","ValIfSettled","PAbandons","DDefaults","BothReadyToGiveUp","TrulyLiable","PrimaryAction","MutualOptimism","P Files","D Answers","PDoesntFile","DDoesntAnswer","SettlesBR1","PAbandonsBR1","DDefaultsBR1","P Loses","P Wins"
"FSA Costs Multiplier 4 Fee Shifting Multiplier 1 Risk Neutral Noise 0.5,0.5","0","All",1,0,1,0.500003,0.587449,0.0483748,1,1,0.186639,0.1,,,0.0425424,,,,,0.000949634,0.00103632,0.003609,0.498867,10.1916,9.42254,10.1916,9.42254,0.385825,0.131972,0.333699,0.465672,0.136148,0.246245,0,0,0.0425424,0.1,0.00106832,0.001155,0.000237368,0.500004,0,-4.37299E-07,0.587449,0.0483748,0.412551,0.539074,0.0425424,0.000949634,0.00103632,0.00180864,0.0018005
"FSA Costs Multiplier 4 Fee Shifting Multiplier 1 Risk Neutral Noise 0.5,0.5","0","NoDispute",0,0,0,,,,,,,,,,,,,,,,,,,,,,,,,,,,,,,,,,,,,,,,,,,,,,,
"FSA Costs Multiplier 4 Fee Shifting Multiplier 1 Risk Neutral Noise 0.5,0.5","0","DisputeArises",1,0,1,0.500003,0.587449,0.0483748,1,1,0.186639,0.1,,,0.0425424,,,,,0.000949634,0.00103632,0.003609,0.498867,10.1916,9.42254,10.1916,9.42254,0.385825,0.131972,0.333699,0.465672,0.136148,0.246245,0,0,0.0425424,0.1,0.00106832,0.001155,0.000237368,0.500004,0,-4.37299E-07,0.587449,0.0483748,0.412551,0.539074,0.0425424,0.000949634,0.00103632,0.00180864,0.0018005
"FSA Costs Multiplier 4 Fee Shifting Multiplier 1 Risk Neutral Noise 0.5,0.5","0","PFiles",0.5874,0,0.587449,0.708104,1,0.0823473,1,1,0.186639,0.1,,,0.0724189,,,,,0.00161654,0.0017641,0.006144,0.498867,10.3262,9.017,10.3262,9.017,0.656781,0.224653,0.483568,0.708221,0.231762,0.334696,0,0,0.0724189,0.1,0.00181857,0.00196613,0.000404066,0.766664,0,0.0993132,1,0.0823473,0,0.917653,0.0724189,0.00161654,0.0017641,0.0030788,0.0030649
"FSA Costs Multiplier 4 Fee Shifting Multiplier 1 Risk Neutral Noise 0.5,0.5","0","DAnswers",0.0484,0,0.0483748,0.39298,1,1,1,1,0.186639,0.1,,,0.879433,,,,,0.0196308,0.0214226,0.074607,0.498867,9.50407,9.2064,9.50407,9.2064,1.28953,0.569917,0.48101,1.05093,0.656238,0.829672,0,0,0.879433,0.1,0.0220842,0.0238761,0.00490685,0.324648,0,1.20601,1,1,0,0,0.879433,0.0196308,0.0214226,0.037388,0.0372189
"FSA Costs Multiplier 4 Fee Shifting Multiplier 1 Risk Neutral Noise 0.5,0.5","0","Litigated",0.0484,0,0.0483748,0.39298,1,1,1,1,0.186639,0.1,,,0.879433,,,,,0.0196308,0.0214226,0.074607,0.498867,9.50407,9.2064,9.50407,9.2064,1.28953,0.569917,0.48101,1.05093,0.656238,0.829672,0,0,0.879433,0.1,0.0220842,0.0238761,0.00490685,0.324648,0,1.20601,1,1,0,0,0.879433,0.0196308,0.0214226,0.037388,0.0372189
"FSA Costs Multiplier 4 Fee Shifting Multiplier 1 Risk Neutral Noise 0.5,0.5","0","Not Litigated",0.9516,0,0.951625,0.505444,0.566477,0,1,1,,,,,0,,,,,0,0,0,,10.2266,9.43352,10.2266,9.43352,0.339886,0.10971,0.326211,0.435921,0.10971,0.216587,0,0,0,,0,0,0,0.508918,0,-0.0613069,0.566477,0,0.433523,0.566477,0,0,0,0,0
"FSA Costs Multiplier 4 Fee Shifting Multiplier 1 Risk Neutral Noise 0.5,0.5","0","Settles",0.0425,0,0.0425424,0.381607,1,1,1,1,0.1,0.1,,,1,,,,,0,0,0,,9.5,9.3,9.5,9.3,1.2,0.48579,0.459022,0.944812,0.340053,0.688532,0,0,1,0.1,0,0,0,0.306014,0,1.11818,1,1,0,0,1,0,0,0,0
"FSA Costs Multiplier 4 Fee Shifting Multiplier 1 Risk Neutral Noise 0.5,0.5","0","Tried",0.0036,0,0.0036091,0.499524,1,1,1,1,0.9,0.1,,,0,,,,,0,0,1,0.498867,9.29615,8.30385,9.29615,8.30385,2.4,1.43208,0.799488,2.23156,4.23529,2.71826,0,0,0,,0,0,0,0.499215,0,2.03742,1,1,0,0,0,0,0,0.501133,0.498867
"FSA Costs Multiplier 4 Fee Shifting Multiplier 1 Risk Neutral Noise 0.5,0.5","0","PWins",0.0018,0,0.00180046,0.51776,1,1,1,1,0.9,0.1,,,0,,,,,0,0,1,1,11,6.6,11,6.6,2.4,2.87066,0,2.87066,8.48982,0,0,0,0,,0,0,0,0.529342,0,2.03523,1,1,0,0,0,0,0,0,1
"FSA Costs Multiplier 4 Fee Shifting Multiplier 1 Risk Neutral Noise 0.5,0.5","0","DWins",0.0018,0,0.00180864,0.481371,1,1,1,1,0.9,0.1,,,0,,,,,0,0,1,0,7.6,10,7.6,10,2.4,0,1.59536,1.59536,0,5.42422,0,0,0,,0,0,0,0.469223,0,2.0396,1,1,0,0,0,0,0,1,0
"FSA Costs Multiplier 4 Fee Shifting Multiplier 1 Risk Neutral Noise 0.5,0.5","0","Abandoned",0.0022,0,0.00222332,0.437628,1,1,1,1,0.686445,0.1,,,0,,,,,0.427125,0.466112,0,,9.91949,8.88051,9.91949,8.88051,1.2,0.780112,0.384772,1.16488,0.896487,0.464596,0,0,0,,0.480506,0.519494,0.106763,0.397815,0,1.53705,1,1,0,0,0,0.427125,0.466112,0,0
"FSA Costs Multiplier 4 Fee Shifting Multiplier 1 Risk Neutral Noise 0.5,0.5","0","Rounds1",0.0481,0,0.0481374,0.392978,1,1,1,1,0.185094,0.1,,,0.883769,,,,,0.0197276,0.0215283,0.074975,0.498867,9.50212,9.20791,9.50212,9.20791,1.28997,0.568581,0.481625,1.05021,0.65432,0.831431,0,0,0.883769,0.1,0.0197276,0.0215283,0,0.324651,0,1.20703,1,1,0,0,0.883769,0.0197276,0.0215283,0.0375724,0.0374025
"FSA Costs Multiplier 4 Fee Shifting Multiplier 1 Risk Neutral Noise 0.5,0.5","0","PrePrimary1",0,0,0,,,,,,,,,,,,,,,,,,,,,,,,,,,,,,,,,,,,,,,,,,,,,,,
"FSA Costs Multiplier 4 Fee Shifting Multiplier 1 Risk Neutral Noise 0.5,0.5","0","PrePrimary2",0,0,0,,,,,,,,,,,,,,,,,,,,,,,,,,,,,,,,,,,,,,,,,,,,,,,
"FSA Costs Multiplier 4 Fee Shifting Multiplier 1 Risk Neutral Noise 0.5,0.5","0","PrePrimary3",0,0,0,,,,,,,,,,,,,,,,,,,,,,,,,,,,,,,,,,,,,,,,,,,,,,,
"FSA Costs Multiplier 4 Fee Shifting Multiplier 1 Risk Neutral Noise 0.5,0.5","0","PrePrimary4",0,0,0,,,,,,,,,,,,,,,,,,,,,,,,,,,,,,,,,,,,,,,,,,,,,,,
"FSA Costs Multiplier 4 Fee Shifting Multiplier 1 Risk Neutral Noise 0.5,0.5","0","PrePrimary5",0,0,0,,,,,,,,,,,,,,,,,,,,,,,,,,,,,,,,,,,,,,,,,,,,,,,
"FSA Costs Multiplier 4 Fee Shifting Multiplier 1 Risk Neutral Noise 0.5,0.5","0","PrePrimary6",0,0,0,,,,,,,,,,,,,,,,,,,,,,,,,,,,,,,,,,,,,,,,,,,,,,,
"FSA Costs Multiplier 4 Fee Shifting Multiplier 1 Risk Neutral Noise 0.5,0.5","0","PrePrimary7",0,0,0,,,,,,,,,,,,,,,,,,,,,,,,,,,,,,,,,,,,,,,,,,,,,,,
"FSA Costs Multiplier 4 Fee Shifting Multiplier 1 Risk Neutral Noise 0.5,0.5","0","PrePrimary8",0,0,0,,,,,,,,,,,,,,,,,,,,,,,,,,,,,,,,,,,,,,,,,,,,,,,
"FSA Costs Multiplier 4 Fee Shifting Multiplier 1 Risk Neutral Noise 0.5,0.5","0","PrePrimary9",0,0,0,,,,,,,,,,,,,,,,,,,,,,,,,,,,,,,,,,,,,,,,,,,,,,,
"FSA Costs Multiplier 4 Fee Shifting Multiplier 1 Risk Neutral Noise 0.5,0.5","0","PrePrimary10",0,0,0,,,,,,,,,,,,,,,,,,,,,,,,,,,,,,,,,,,,,,,,,,,,,,,
"FSA Costs Multiplier 4 Fee Shifting Multiplier 1 Risk Neutral Noise 0.5,0.5","0","Truly Liable",0.5,0,0.500004,0.716729,0.900745,0.0314093,1,1,0.227582,0.1,,,0.026037,,,,,0.000572671,0.00104245,0.003603,0.528973,10.3326,9.10378,10.3326,9.10378,0.563617,0.0052463,0.667394,0.67264,0.0113821,0.492486,0,0,0.026037,0.1,0.000649572,0.00111935,0.000153803,1,0,4.7906E-06,0.900745,0.0314093,0.099255,0.869336,0.026037,0.000572671,0.00104245,0.0016973,0.0019061
"FSA Costs Multiplier 4 Fee Shifting Multiplier 1 Risk Neutral Noise 0.5,0.5","0","Truly Not Liable",0.5,0,0.499996,0.283274,0.274148,0.0653406,1,1,0.166957,0.1,,,0.0590481,,,,,0.0013266,0.00103018,0.003615,0.468855,10.0507,9.7413,10.0507,9.7413,0.208031,0.2587,0,0.2587,0.260916,0,0,0,0.0590481,0.1,0.00148707,0.00119065,0.000320935,0,0,-5.66528E-06,0.274148,0.0653406,0.725852,0.208807,0.0590481,0.0013266,0.00103018,0.00191998,0.0016948
"FSA Costs Multiplier 4 Fee Shifting Multiplier 1 Risk Neutral Noise 0.5,0.5","0","AllCount",330,0,330,0.500003,193.858,15.9637,330,330,0.186639,0.1,,,14.039,,,,,0.313379,0.341984,1.191,29.932,10.1916,9.42254,10.1916,9.42254,0.385825,0.131972,0.333699,0.465672,0.136148,0.246245,0,0,14.039,0.1,0.352545,0.38115,0.0783315,165.001,0,-4.37299E-07,193.858,15.9637,136.142,177.894,14.039,0.313379,0.341984,0.596851,0.594151
"FSA Costs Multiplier 4 Fee Shifting Multiplier 1 Risk Neutral Noise 0.5,0.5","0","Liability Strength1",0.2261,0,0.22611,0.1,0.0016045,0.00160189,1,1,0.111025,0.1,,,0.00155807,,,,,4.16266E-05,1.44707E-08,3.243E-7,3.76612E-5,9.9992,9.99888,9.9992,9.99888,0.0019242,0.0010755,0.0399979,0.0410734,0.000752439,0.0400463,0,0,0.00155807,0.1,4.25497E-05,9.37594E-07,1.84625E-06,0.0399657,0,-2.94015E-06,0.00160446,0.00160189,0.998396,2.57449E-06,0.00155807,4.16266E-05,1.44707E-08,3.2424E-07,1.221E-11
"FSA Costs Multiplier 4 Fee Shifting Multiplier 1 Risk Neutral Noise 0.5,0.5","0","Liability Strength2",0.1902,0,0.190218,0.3,0.158867,0.133628,1,1,0.117564,0.1,,,0.128896,,,,,0.00293356,0.000209595,0.000926,0.0227808,9.94175,9.88164,9.94175,9.88164,0.176608,0.0983652,0.179361,0.277726,0.0757984,0.19648,0,0,0.128896,0.1,0.00326498,0.000541015,0.000662841,0.169489,0,-1.53781E-05,0.158867,0.133628,0.841133,0.0252395,0.128896,0.00293356,0.000209595,0.00090492,2.1095E-5
"FSA Costs Multiplier 4 Fee Shifting Multiplier 1 Risk Neutral Noise 0.5,0.5","0","Liability Strength3",0.1673,0,0.167335,0.5,0.841344,0.133486,1,1,0.259682,0.1,,,0.105372,,,,,0.002279,0.00566104,0.019513,0.5,10.2176,9.17406,10.2176,9.17406,0.608314,0.426477,0.391186,0.817662,0.473455,0.386098,0,0,0.105372,0.1,0.00260953,0.00599156,0.000661053,0.5,0,-4.97292E-07,0.841344,0.133486,0.158656,0.707858,0.105372,0.002279,0.00566104,0.0097566,0.0097566
"FSA Costs Multiplier 4 Fee Shifting Multiplier 1 Risk Neutral Noise 0.5,0.5","0","Liability Strength4",0.1902,0,0.190221,0.7,0.99865,0.00135228,1,1,0.775743,0.1,,,0.000207148,,,,,4.46936E-06,0.00025833,0.000881,0.977219,10.3997,8.99921,10.3997,8.99921,0.601058,0.171468,0.498532,0.67,0.175044,0.299965,0,0,0.00020715,0.1,5.12456E-06,0.000258985,1.31042E-06,0.830511,0,5.97832E-06,0.99865,0.00135228,0.00135035,0.997297,0.000207148,4.46936E-06,0.00025833,2.00703E-5,0.0008609
"FSA Costs Multiplier 4 Fee Shifting Multiplier 1 Risk Neutral Noise 0.5,0.5","0","Liability Strength5",0.2261,0,0.226116,0.9,1,3.44146E-07,1,1,0.898745,0.1,,,5.32541E-10,,,,,1.14892E-11,7.79188E-08,2.657E-7,0.999962,10.4,9,10.4,9,0.6,0.0399664,0.576021,0.615987,0.0399673,0.345612,0,0,5.3254E-10,0.1,1.3174E-11,7.79205E-08,3.36955E-12,0.960034,0,9.28151E-06,1,3.44146E-07,3.39261E-07,0.999999,5.32541E-10,1.14892E-11,7.79188E-08,1.0006E-11,2.6567E-7
"FSA Costs Multiplier 4 Fee Shifting Multiplier 1 Risk Neutral Noise 0.5,0.5","0","PLiabilitySignal1",0.2137,0,0.213662,0.128471,0,0,1,1,,,,,0,,,,,0,0,0,,10,10,10,10,0,0,0.0586168,0.0586168,0,0.0586168,0,0,0,,0,0,0,0.0586168,0,-0.306047,0,0,1,0,0,0,0,0,0
"FSA Costs Multiplier 4 Fee Shifting Multiplier 1 Risk Neutral Noise 0.5,0.5","0","PLiabilitySignal2",0.1989,0,0.19889,0.284475,0,0,1,1,,,,,0,,,,,0,0,0,,10,10,10,10,0,0,0.186555,0.186555,0,0.186555,0,0,0,,0,0,0,0.186555,0,0.03544,0,0,1,0,0,0,0,0,0
"FSA Costs Multiplier 4 Fee Shifting Multiplier 1 Risk Neutral Noise 0.5,0.5","0","PLiabilitySignal3",0.1749,0,0.17489,0.500002,1,0.25004,1,1,0.110858,0.1,,,0.243253,,,,,0.0054299,0,0,,10.175,9.07501,10.175,9.07501,0.750024,0.448059,0.368854,0.816913,0.411976,0.324776,0,0,0.243253,0.1,0.00610853,0.000678623,0.00135725,0.500003,0,-2E-05,1,0.25004,0,0.74996,0.243253,0.0054299,0,0,0
"FSA Costs Multiplier 4 Fee Shifting Multiplier 1 Risk Neutral Noise 0.5,0.5","0","PLiabilitySignal4",0.1989,0,0.19889,0.715525,1,0.02297,1,1,0.9,0.1,,,0,,,,,0,0.00512281,0.017847,0.494591,10.38,8.98476,10.38,8.98476,0.635199,0.206022,0.497132,0.703154,0.257682,0.33854,0,0,0,,0,0.00512281,0,0.813445,0,-0.03544,1,0.02297,0,0.97703,0,0,0.00512281,0.00902013,0.0088271
"FSA Costs Multiplier 4 Fee Shifting Multiplier 1 Risk Neutral Noise 0.5,0.5","0","PLiabilitySignal5",0.2137,0,0.21367,0.871529,1,0.00036,1,1,0.9,0.1,,,0,,,,,0,8.16383E-05,0.000278,0.754045,10.3999,8.99952,10.3999,8.99952,0.60055,0.0591365,0.564837,0.623973,0.0601276,0.339238,0,0,0,,0,8.16383E-05,0,0.941383,0,0.30605,1,0.00036,0,0.99964,0,0,8.16383E-05,6.84645E-5,0.0002099
"FSA Costs Multiplier 4 Fee Shifting Multiplier 1 Risk Neutral Noise 0.5,0.5","0","DLiabilitySignal1",0.2137,0,0.213659,0.128469,0.0245418,0.0245418,1,1,0.122232,0.1,,,0.0235315,,,,,0.000656566,0,0.000354,0.245955,9.98729,9.98284,9.98729,9.98284,0.0298746,0.0142191,0.0608377,0.0750568,0.0105045,0.0645724,0,0,0.0235315,0.1,0.000656566,0,0,0.0586148,0,0.306023,0.0245418,0.0245418,0.975458,0,0.0235315,0.000656566,0,0.00026673,8.7002E-5
"FSA Costs Multiplier 4 Fee Shifting Multiplier 1 Risk Neutral Noise 0.5,0.5","0","DLiabilitySignal2",0.1989,0,0.198893,0.284477,0.216857,0.216857,1,1,0.194469,0.1,,,0.188618,,,,,0.0040693,0.00521043,0.017766,0.504276,9.89304,9.82542,9.89304,9.82542,0.281548,0.123341,0.222201,0.345541,0.148326,0.30299,0,0,0.188618,0.1,0.00466602,0.00580716,0.00119345,0.186558,0,-0.0354206,0.216857,0.216857,0.783143,0,0.188618,0.0040693,0.00521043,0.00880702,0.008959
"FSA Costs Multiplier 4 Fee Shifting Multiplier 1 Risk Neutral Noise 0.5,0.5","0","DLiabilitySignal3",0.1749,0,0.174888,0.5,0.749959,0,1,1,,,,,0,,,,,0,0,0,,10.3,9.25004,10.3,9.25004,0.449975,0.326474,0.330607,0.657081,0.326474,0.22897,0,0,0,,0,0,0,0.5,0,2.76634E-06,0.749959,0,0.250041,0.749959,0,0,0,0,0
"FSA Costs Multiplier 4 Fee Shifting Multiplier 1 Risk Neutral Noise 0.5,0.5","0","DLiabilitySignal4",0.1989,0,0.198895,0.715524,0.977024,0,1,1,,,,,0,,,,,0,0,0,,10.3908,9.02298,10.3908,9.02298,0.586214,0.175,0.492634,0.667635,0.175,0.300148,0,0,0,,0,0,0,0.813443,0,0.0354331,0.977024,0,0.0229761,0.977024,0,0,0,0,0
"FSA Costs Multiplier 4 Fee Shifting Multiplier 1 Risk Neutral Noise 0.5,0.5","0","DLiabilitySignal5",0.2137,0,0.213666,0.87153,0.999646,0,1,1,,,,,0,,,,,0,0,0,,10.3999,9.00035,10.3999,9.00035,0.599788,0.0585008,0.564926,0.623427,0.0585008,0.339052,0,0,0,,0,0,0,0.941385,0,-0.30603,0.999646,0,0.000353721,0.999646,0,0,0,0,0
"FSA Costs Multiplier 4 Fee Shifting Multiplier 1 Risk Neutral Noise 0.5,0.5","0","MutOptLiability5",0,0,0,,,,,,,,,,,,,,,,,,,,,,,,,,,,,,,,,,,,,,,,,,,,,,,
"FSA Costs Multiplier 4 Fee Shifting Multiplier 1 Risk Neutral Noise 0.5,0.5","0","MutOptLiability4",0,0,0,,,,,,,,,,,,,,,,,,,,,,,,,,,,,,,,,,,,,,,,,,,,,,,
"FSA Costs Multiplier 4 Fee Shifting Multiplier 1 Risk Neutral Noise 0.5,0.5","0","MutOptLiability3",0.0002,0,0.000152499,0.500939,1,1,1,1,0.9,0.1,,,0,,,,,0,0.114385,0.885615,0.469714,9.33463,8.40263,9.33463,8.40263,2.26274,1.24679,0.559719,1.80651,3.34668,1.77313,0,0,0,,0,0.114385,0,0.50155,0,3,1,1,0,0,0,0,0.114385,0.469629,0.415986
"FSA Costs Multiplier 4 Fee Shifting Multiplier 1 Risk Neutral Noise 0.5,0.5","0","MutOptLiability2",0.0148,0,0.0148296,0.500009,1,0.651462,1,1,0.477857,0.1,,,0.339033,,,,,0.00945956,0.0687055,0.234265,0.5,9.82772,8.90029,9.82772,8.90029,1.27199,0.673517,0.473125,1.14664,1.29822,0.895213,0,0,0.339033,0.1,0.00945956,0.0687055,0,0.500015,0,2,1,0.651462,0,0.348538,0.339033,0.00945956,0.0687055,0.117132,0.117132
"FSA Costs Multiplier 4 Fee Shifting Multiplier 1 Risk Neutral Noise 0.5,0.5","0","MutOptLiability1",0.1868,0,0.18677,0.500006,0.706473,0.206465,1,1,0.110858,0.1,,,0.200861,,,,,0.00433343,0,0,,10.0968,9.35539,10.0968,9.35539,0.547763,0.190791,0.370591,0.561382,0.161833,0.32319,0,0,0.200861,0.1,0.00496889,0.000635458,0.00127092,0.500007,0,1,0.706473,0.206465,0.293527,0.500008,0.200861,0.00433343,0,0,0
"FSA Costs Multiplier 4 Fee Shifting Multiplier 1 Risk Neutral Noise 0.5,0.5","0","MutOptLiability0",0.5965,0,0.596498,0.500003,0.57329,0,1,1,,,,,0,,,,,0,0,0,,10.2293,9.42671,10.2293,9.42671,0.343974,0.113861,0.316232,0.430093,0.113861,0.205969,0,0,0,,0,0,0,0.500004,0,0,0.57329,0,0.42671,0.57329,0,0,0,0,0
"FSA Costs Multiplier 4 Fee Shifting Multiplier 1 Risk Neutral Noise 0.5,0.5","0","MutOptLiability-1",0.1868,0,0.186767,0.499999,0.499999,0,1,1,,,,,0,,,,,0,0,0,,10.2,9.5,10.2,9.5,0.3,0.092915,0.337165,0.43008,0.092915,0.239465,0,0,0,,0,0,0,0.499999,0,-1,0.499999,0,0.500001,0.499999,0,0,0,0,0
"FSA Costs Multiplier 4 Fee Shifting Multiplier 1 Risk Neutral Noise 0.5,0.5","0","MutOptLiability-2",0.0148,0,0.0148311,0.500018,0.348575,0,1,1,,,,,0,,,,,0,0,0,,10.1394,9.65143,10.1394,9.65143,0.209145,0.0599459,0.384578,0.444523,0.0599459,0.315307,0,0,0,,0,0,0,0.500029,0,-2,0.348575,0,0.651425,0.348575,0,0,0,0,0
"FSA Costs Multiplier 4 Fee Shifting Multiplier 1 Risk Neutral Noise 0.5,0.5","0","MutOptLiability-3",0.0002,0,0.000152495,0.499063,0,0,1,1,,,,,0,,,,,0,0,0,,10,10,10,10,0,0,0.498454,0.498454,0,0.498454,0,0,0,,0,0,0,0.498454,0,-3,0,0,1,0,0,0,0,0,0
"FSA Costs Multiplier 4 Fee Shifting Multiplier 1 Risk Neutral Noise 0.5,0.5","0","MutOptLiability-4",0,0,0,,,,,,,,,,,,,,,,,,,,,,,,,,,,,,,,,,,,,,,,,,,,,,,
"FSA Costs Multiplier 4 Fee Shifting Multiplier 1 Risk Neutral Noise 0.5,0.5","0","MutOptLiability-5",0,0,0,,,,,,,,,,,,,,,,,,,,,,,,,,,,,,,,,,,,,,,,,,,,,,,
"FSA Costs Multiplier 4 Fee Shifting Multiplier 1 Risk Neutral Noise 0.5,0.5","0","Truly Liable MutOptLiability5",0,0,0,,,,,,,,,,,,,,,,,,,,,,,,,,,,,,,,,,,,,,,,,,,,,,,
"FSA Costs Multiplier 4 Fee Shifting Multiplier 1 Risk Neutral Noise 0.5,0.5","0","Truly Liable MutOptLiability4",0,0,0,,,,,,,,,,,,,,,,,,,,,,,,,,,,,,,,,,,,,,,,,,,,,,,
"FSA Costs Multiplier 4 Fee Shifting Multiplier 1 Risk Neutral Noise 0.5,0.5","0","Truly Liable MutOptLiability3",7.6E-5,0,7.6486E-05,0.571414,1,1,1,1,0.9,0.1,,,0,,,,,0,0.15418,0.84582,0.644108,9.88402,7.90099,9.88402,7.90099,2.21498,1.40003,1.11598,2.51601,3.19355,3.5353,0,0,0,,0,0.15418,0,1,0,3,1,1,0,0,0,0,0.15418,0.301021,0.5448
"FSA Costs Multiplier 4 Fee Shifting Multiplier 1 Risk Neutral Noise 0.5,0.5","0","Truly Liable MutOptLiability2",0.0074,0,0.00741501,0.601903,1,0.422821,1,1,0.676297,0.1,,,0.116606,,,,,0.00325351,0.0687034,0.234258,0.524685,10.0538,8.81142,10.0538,8.81142,1.1348,0.33621,0.946221,1.28243,0.732703,1.79037,0,0,0.116606,0.1,0.00325351,0.0687034,0,1,0,2,1,0.422821,0,0.577179,0.116606,0.00325351,0.0687034,0.111346,0.122911
"FSA Costs Multiplier 4 Fee Shifting Multiplier 1 Risk Neutral Noise 0.5,0.5","0","Truly Liable MutOptLiability1",0.0934,0,0.0933861,0.693517,0.947954,0.133779,1,1,0.110858,0.1,,,0.130147,,,,,0.00280784,0,0,,10.2588,9.09213,10.2588,9.09213,0.649039,0.000247,0.741171,0.741418,0.000148228,0.646371,0,0,0.130147,0.1,0.00321958,0.000411743,0.000823486,1,0,1,0.947954,0.133779,0.0520462,0.814175,0.130147,0.00280784,0,0,0
"FSA Costs Multiplier 4 Fee Shifting Multiplier 1 Risk Neutral Noise 0.5,0.5","0","Truly Liable MutOptLiability0",0.2983,0,0.298251,0.73705,0.918851,0,1,1,,,,,0,,,,,0,0,0,,10.3675,9.08115,10.3675,9.08115,0.55131,0,0.63246,0.63246,0,0.411936,0,0,0,,0,0,0,1,0,0,0.918851,0,0.0811494,0.918851,0,0,0,0,0
"FSA Costs Multiplier 4 Fee Shifting Multiplier 1 Risk Neutral Noise 0.5,0.5","0","Truly Liable MutOptLiability-1",0.0934,0,0.0933832,0.693512,0.814171,0,1,1,,,,,0,,,,,0,0,0,,10.3257,9.18583,10.3257,9.18583,0.488503,0,0.674332,0.674332,0,0.478931,0,0,0,,0,0,0,1,0,-1,0.814171,0,0.185829,0.814171,0,0,0,0,0
"FSA Costs Multiplier 4 Fee Shifting Multiplier 1 Risk Neutral Noise 0.5,0.5","0","Truly Liable MutOptLiability-2",0.0074,0,0.00741597,0.601913,0.577224,0,1,1,,,,,0,,,,,0,0,0,,10.2309,9.42278,10.2309,9.42278,0.346334,0,0.76911,0.76911,0,0.630577,0,0,0,,0,0,0,1,0,-2,0.577224,0,0.422776,0.577224,0,0,0,0,0
"FSA Costs Multiplier 4 Fee Shifting Multiplier 1 Risk Neutral Noise 0.5,0.5","0","Truly Liable MutOptLiability-3",7.6E-5,0,7.6012E-05,0.569977,0,0,1,1,,,,,0,,,,,0,0,0,,10,10,10,10,0,0,1,1,0,1,0,0,0,,0,0,0,1,0,-3,0,0,1,0,0,0,0,0,0
"FSA Costs Multiplier 4 Fee Shifting Multiplier 1 Risk Neutral Noise 0.5,0.5","0","Truly Liable MutOptLiability-4",0,0,0,,,,,,,,,,,,,,,,,,,,,,,,,,,,,,,,,,,,,,,,,,,,,,,
"FSA Costs Multiplier 4 Fee Shifting Multiplier 1 Risk Neutral Noise 0.5,0.5","0","Truly Liable MutOptLiability-5",0,0,0,,,,,,,,,,,,,,,,,,,,,,,,,,,,,,,,,,,,,,,,,,,,,,,
"FSA Costs Multiplier 4 Fee Shifting Multiplier 1 Risk Neutral Noise 0.5,0.5","0","Truly Not Liable MutOptLiability5",0,0,0,,,,,,,,,,,,,,,,,,,,,,,,,,,,,,,,,,,,,,,,,,,,,,,
"FSA Costs Multiplier 4 Fee Shifting Multiplier 1 Risk Neutral Noise 0.5,0.5","0","Truly Not Liable MutOptLiability4",0,0,0,,,,,,,,,,,,,,,,,,,,,,,,,,,,,,,,,,,,,,,,,,,,,,,
"FSA Costs Multiplier 4 Fee Shifting Multiplier 1 Risk Neutral Noise 0.5,0.5","0","Truly Not Liable MutOptLiability3",7.6E-5,0,7.60131E-05,0.430025,1,1,1,1,0.9,0.1,,,0,,,,,0,0.0743432,0.925657,0.30937,8.78182,8.90739,8.78182,8.90739,2.31079,1.09261,0,1.09261,3.50076,0,0,0,0,,0,0.0743432,0,0,0,3,1,1,0,0,0,0,0.0743432,0.639286,0.28637
"FSA Costs Multiplier 4 Fee Shifting Multiplier 1 Risk Neutral Noise 0.5,0.5","0","Truly Not Liable MutOptLiability2",0.0074,0,0.00741456,0.39811,1,0.880117,1,1,0.382519,0.1,,,0.561472,,,,,0.015666,0.0687075,0.234272,0.475315,9.60165,8.98916,9.60165,8.98916,1.4092,1.01084,0,1.01084,1.86377,0,0,0,0.561472,0.1,0.015666,0.0687075,0,0,0,2,1,0.880117,0,0.119883,0.561472,0.015666,0.0687075,0.122919,0.111353
"FSA Costs Multiplier 4 Fee Shifting Multiplier 1 Risk Neutral Noise 0.5,0.5","0","Truly Not Liable MutOptLiability1",0.0934,0,0.0933834,0.306489,0.464985,0.279154,1,1,0.110858,0.1,,,0.271577,,,,,0.00585907,0,0,,9.93486,9.61866,9.93486,9.61866,0.446483,0.38134,0,0.38134,0.323522,0,0,0,0.271577,0.1,0.00671825,0.000859178,0.00171836,0,0,1,0.464985,0.279154,0.535015,0.185831,0.271577,0.00585907,0,0,0
"FSA Costs Multiplier 4 Fee Shifting Multiplier 1 Risk Neutral Noise 0.5,0.5","0","Truly Not Liable MutOptLiability0",0.2982,0,0.298247,0.262953,0.227723,0,1,1,,,,,0,,,,,0,0,0,,10.0911,9.77228,10.0911,9.77228,0.136634,0.227723,0,0.227723,0.227723,0,0,0,0,,0,0,0,0,0,0,0.227723,0,0.772277,0.227723,0,0,0,0,0
"FSA Costs Multiplier 4 Fee Shifting Multiplier 1 Risk Neutral Noise 0.5,0.5","0","Truly Not Liable MutOptLiability-1",0.0934,0,0.0933838,0.306487,0.185829,0,1,1,,,,,0,,,,,0,0,0,,10.0743,9.81417,10.0743,9.81417,0.111498,0.185829,0,0.185829,0.185829,0,0,0,0,,0,0,0,0,0,-1,0.185829,0,0.814171,0.185829,0,0,0,0,0
"FSA Costs Multiplier 4 Fee Shifting Multiplier 1 Risk Neutral Noise 0.5,0.5","0","Truly Not Liable MutOptLiability-2",0.0074,0,0.00741511,0.398111,0.119899,0,1,1,,,,,0,,,,,0,0,0,,10.048,9.8801,10.048,9.8801,0.0719393,0.119899,0,0.119899,0.119899,0,0,0,0,,0,0,0,0,0,-2,0.119899,0,0.880101,0.119899,0,0,0,0,0
"FSA Costs Multiplier 4 Fee Shifting Multiplier 1 Risk Neutral Noise 0.5,0.5","0","Truly Not Liable MutOptLiability-3",7.6E-5,0,7.64835E-05,0.428588,0,0,1,1,,,,,0,,,,,0,0,0,,10,10,10,10,0,0,0,0,0,0,0,0,0,,0,0,0,0,0,-3,0,0,1,0,0,0,0,0,0
"FSA Costs Multiplier 4 Fee Shifting Multiplier 1 Risk Neutral Noise 0.5,0.5","0","Truly Not Liable MutOptLiability-4",0,0,0,,,,,,,,,,,,,,,,,,,,,,,,,,,,,,,,,,,,,,,,,,,,,,,
"FSA Costs Multiplier 4 Fee Shifting Multiplier 1 Risk Neutral Noise 0.5,0.5","0","Truly Not Liable MutOptLiability-5",0,0,0,,,,,,,,,,,,,,,,,,,,,,,,,,,,,,,,,,,,,,,,,,,,,,,
"FSA Costs Multiplier 4 Fee Shifting Multiplier 1 Risk Neutral Noise 0.5,0.5","0","High Quality",0,0,0,,,,,,,,,,,,,,,,,,,,,,,,,,,,,,,,,,,,,,,,,,,,,,,
"FSA Costs Multiplier 4 Fee Shifting Multiplier 1 Risk Neutral Noise 0.5,0.5","0","High Quality Liable MutOptLiability5",0,0,0,,,,,,,,,,,,,,,,,,,,,,,,,,,,,,,,,,,,,,,,,,,,,,,
"FSA Costs Multiplier 4 Fee Shifting Multiplier 1 Risk Neutral Noise 0.5,0.5","0","High Quality Liable MutOptLiability4",0,0,0,,,,,,,,,,,,,,,,,,,,,,,,,,,,,,,,,,,,,,,,,,,,,,,
"FSA Costs Multiplier 4 Fee Shifting Multiplier 1 Risk Neutral Noise 0.5,0.5","0","High Quality Liable MutOptLiability3",0,0,0,,,,,,,,,,,,,,,,,,,,,,,,,,,,,,,,,,,,,,,,,,,,,,,
"FSA Costs Multiplier 4 Fee Shifting Multiplier 1 Risk Neutral Noise 0.5,0.5","0","High Quality Liable MutOptLiability2",0,0,0,,,,,,,,,,,,,,,,,,,,,,,,,,,,,,,,,,,,,,,,,,,,,,,
"FSA Costs Multiplier 4 Fee Shifting Multiplier 1 Risk Neutral Noise 0.5,0.5","0","High Quality Liable MutOptLiability1",0,0,0,,,,,,,,,,,,,,,,,,,,,,,,,,,,,,,,,,,,,,,,,,,,,,,
"FSA Costs Multiplier 4 Fee Shifting Multiplier 1 Risk Neutral Noise 0.5,0.5","0","High Quality Liable MutOptLiability0",0,0,0,,,,,,,,,,,,,,,,,,,,,,,,,,,,,,,,,,,,,,,,,,,,,,,
"FSA Costs Multiplier 4 Fee Shifting Multiplier 1 Risk Neutral Noise 0.5,0.5","0","High Quality Liable MutOptLiability-1",0,0,0,,,,,,,,,,,,,,,,,,,,,,,,,,,,,,,,,,,,,,,,,,,,,,,
"FSA Costs Multiplier 4 Fee Shifting Multiplier 1 Risk Neutral Noise 0.5,0.5","0","High Quality Liable MutOptLiability-2",0,0,0,,,,,,,,,,,,,,,,,,,,,,,,,,,,,,,,,,,,,,,,,,,,,,,
"FSA Costs Multiplier 4 Fee Shifting Multiplier 1 Risk Neutral Noise 0.5,0.5","0","High Quality Liable MutOptLiability-3",0,0,0,,,,,,,,,,,,,,,,,,,,,,,,,,,,,,,,,,,,,,,,,,,,,,,
"FSA Costs Multiplier 4 Fee Shifting Multiplier 1 Risk Neutral Noise 0.5,0.5","0","High Quality Liable MutOptLiability-4",0,0,0,,,,,,,,,,,,,,,,,,,,,,,,,,,,,,,,,,,,,,,,,,,,,,,
"FSA Costs Multiplier 4 Fee Shifting Multiplier 1 Risk Neutral Noise 0.5,0.5","0","High Quality Liable MutOptLiability-5",0,0,0,,,,,,,,,,,,,,,,,,,,,,,,,,,,,,,,,,,,,,,,,,,,,,,
"FSA Costs Multiplier 4 Fee Shifting Multiplier 1 Risk Neutral Noise 0.5,0.5","0","PLiabilitySignal 1",0.2137,0,0.213662,0.128471,0,0,1,1,,,,,0,,,,,0,0,0,,10,10,10,10,0,0,0.0586168,0.0586168,0,0.0586168,0,0,0,,0,0,0,0.0586168,0,-0.306047,0,0,1,0,0,0,0,0,0
"FSA Costs Multiplier 4 Fee Shifting Multiplier 1 Risk Neutral Noise 0.5,0.5","0","PLiabilitySignal 2",0.1989,0,0.19889,0.284475,0,0,1,1,,,,,0,,,,,0,0,0,,10,10,10,10,0,0,0.186555,0.186555,0,0.186555,0,0,0,,0,0,0,0.186555,0,0.03544,0,0,1,0,0,0,0,0,0
"FSA Costs Multiplier 4 Fee Shifting Multiplier 1 Risk Neutral Noise 0.5,0.5","0","PLiabilitySignal 3",0.1749,0,0.17489,0.500002,1,0.25004,1,1,0.110858,0.1,,,0.243253,,,,,0.0054299,0,0,,10.175,9.07501,10.175,9.07501,0.750024,0.448059,0.368854,0.816913,0.411976,0.324776,0,0,0.243253,0.1,0.00610853,0.000678623,0.00135725,0.500003,0,-2E-05,1,0.25004,0,0.74996,0.243253,0.0054299,0,0,0
"FSA Costs Multiplier 4 Fee Shifting Multiplier 1 Risk Neutral Noise 0.5,0.5","0","PLiabilitySignal 4",0.1989,0,0.19889,0.715525,1,0.02297,1,1,0.9,0.1,,,0,,,,,0,0.00512281,0.017847,0.494591,10.38,8.98476,10.38,8.98476,0.635199,0.206022,0.497132,0.703154,0.257682,0.33854,0,0,0,,0,0.00512281,0,0.813445,0,-0.03544,1,0.02297,0,0.97703,0,0,0.00512281,0.00902013,0.0088271
"FSA Costs Multiplier 4 Fee Shifting Multiplier 1 Risk Neutral Noise 0.5,0.5","0","PLiabilitySignal 5",0.2137,0,0.21367,0.871529,1,0.00036,1,1,0.9,0.1,,,0,,,,,0,8.16383E-05,0.000278,0.754045,10.3999,8.99952,10.3999,8.99952,0.60055,0.0591365,0.564837,0.623973,0.0601276,0.339238,0,0,0,,0,8.16383E-05,0,0.941383,0,0.30605,1,0.00036,0,0.99964,0,0,8.16383E-05,6.84645E-5,0.0002099
"FSA Costs Multiplier 4 Fee Shifting Multiplier 1 Risk Neutral Noise 0.5,0.5","0","DLiabilitySignal 1",0.2137,0,0.213659,0.128469,0.0245418,0.0245418,1,1,0.122232,0.1,,,0.0235315,,,,,0.000656566,0,0.000354,0.245955,9.98729,9.98284,9.98729,9.98284,0.0298746,0.0142191,0.0608377,0.0750568,0.0105045,0.0645724,0,0,0.0235315,0.1,0.000656566,0,0,0.0586148,0,0.306023,0.0245418,0.0245418,0.975458,0,0.0235315,0.000656566,0,0.00026673,8.7002E-5
"FSA Costs Multiplier 4 Fee Shifting Multiplier 1 Risk Neutral Noise 0.5,0.5","0","DLiabilitySignal 2",0.1989,0,0.198893,0.284477,0.216857,0.216857,1,1,0.194469,0.1,,,0.188618,,,,,0.0040693,0.00521043,0.017766,0.504276,9.89304,9.82542,9.89304,9.82542,0.281548,0.123341,0.222201,0.345541,0.148326,0.30299,0,0,0.188618,0.1,0.00466602,0.00580716,0.00119345,0.186558,0,-0.0354206,0.216857,0.216857,0.783143,0,0.188618,0.0040693,0.00521043,0.00880702,0.008959
"FSA Costs Multiplier 4 Fee Shifting Multiplier 1 Risk Neutral Noise 0.5,0.5","0","DLiabilitySignal 3",0.1749,0,0.174888,0.5,0.749959,0,1,1,,,,,0,,,,,0,0,0,,10.3,9.25004,10.3,9.25004,0.449975,0.326474,0.330607,0.657081,0.326474,0.22897,0,0,0,,0,0,0,0.5,0,2.76634E-06,0.749959,0,0.250041,0.749959,0,0,0,0,0
"FSA Costs Multiplier 4 Fee Shifting Multiplier 1 Risk Neutral Noise 0.5,0.5","0","DLiabilitySignal 4",0.1989,0,0.198895,0.715524,0.977024,0,1,1,,,,,0,,,,,0,0,0,,10.3908,9.02298,10.3908,9.02298,0.586214,0.175,0.492634,0.667635,0.175,0.300148,0,0,0,,0,0,0,0.813443,0,0.0354331,0.977024,0,0.0229761,0.977024,0,0,0,0,0
"FSA Costs Multiplier 4 Fee Shifting Multiplier 1 Risk Neutral Noise 0.5,0.5","0","DLiabilitySignal 5",0.2137,0,0.213666,0.87153,0.999646,0,1,1,,,,,0,,,,,0,0,0,,10.3999,9.00035,10.3999,9.00035,0.599788,0.0585008,0.564926,0.623427,0.0585008,0.339052,0,0,0,,0,0,0,0.941385,0,-0.30603,0.999646,0,0.000353721,0.999646,0,0,0,0,0
"FSA Costs Multiplier 4 Fee Shifting Multiplier 1 Risk Neutral Noise 0.5,0.5","0","PDoesntFile",0.4126,0,0.412551,0.20368,0,0,1,1,,,,,0,,,,,0,0,0,,10,10,10,10,0,0,0.120295,0.120295,0,0.120295,0,0,0,,0,0,0,0.120295,0,-0.141417,0,0,1,0,0,0,0,0,0
"FSA Costs Multiplier 4 Fee Shifting Multiplier 1 Risk Neutral Noise 0.5,0.5","0","P Files",0.5874,0,0.587449,0.708104,1,0.0823473,1,1,0.186639,0.1,,,0.0724189,,,,,0.00161654,0.0017641,0.006144,0.498867,10.3262,9.017,10.3262,9.017,0.656781,0.224653,0.483568,0.708221,0.231762,0.334696,0,0,0.0724189,0.1,0.00181857,0.00196613,0.000404066,0.766664,0,0.0993132,1,0.0823473,0,0.917653,0.0724189,0.00161654,0.0017641,0.0030788,0.0030649
"FSA Costs Multiplier 4 Fee Shifting Multiplier 1 Risk Neutral Noise 0.5,0.5","0","DDoesntAnswer",0.5391,0,0.539074,0.736382,1,0,1,1,,,,,0,,,,,0,0,0,,10.4,9,10.4,9,0.6,0.19367,0.483798,0.677468,0.19367,0.290279,0,0,0,,0,0,0,0.80633,0,1.29963E-06,1,0,0,1,0,0,0,0,0
"FSA Costs Multiplier 4 Fee Shifting Multiplier 1 Risk Neutral Noise 0.5,0.5","0","D Answers",0.0484,0,0.0483748,0.39298,1,1,1,1,0.186639,0.1,,,0.879433,,,,,0.0196308,0.0214226,0.074607,0.498867,9.50407,9.2064,9.50407,9.2064,1.28953,0.569917,0.48101,1.05093,0.656238,0.829672,0,0,0.879433,0.1,0.0220842,0.0238761,0.00490685,0.324648,0,1.20601,1,1,0,0,0.879433,0.0196308,0.0214226,0.037388,0.0372189
"FSA Costs Multiplier 4 Fee Shifting Multiplier 1 Risk Neutral Noise 0.5,0.5","0","Settles1",0.0425,0,0.0425424,0.381607,1,1,1,1,0.1,0.1,,,1,,,,,0,0,0,,9.5,9.3,9.5,9.3,1.2,0.48579,0.459022,0.944812,0.340053,0.688532,0,0,1,0.1,0,0,0,0.306014,0,1.11818,1,1,0,0,1,0,0,0,0
"FSA Costs Multiplier 4 Fee Shifting Multiplier 1 Risk Neutral Noise 0.5,0.5","0","DoesntSettle1",0.0058,0,0.00583242,0.47593,1,1,1,1,0.818593,0.1,,,0,,,,,0.16282,0.177682,0.6188,0.498867,9.53377,8.52367,9.53377,8.52367,1.94256,1.18355,0.641398,1.82494,2.96254,1.85916,0,0,0,,0.183169,0.198031,0.0406981,0.460561,0,1.84668,1,1,0,0,0,0.16282,0.177682,0.310101,0.308699
"FSA Costs Multiplier 4 Fee Shifting Multiplier 1 Risk Neutral Noise 0.5,0.5","0","PAbandons1",0.0009,0,0.000949634,0.378692,1,1,1,1,0.5,0.1,,,0,,,,,1,0,0,,9.4,9.4,9.4,9.4,1.2,0.419086,0.482439,0.901524,0.251451,0.771902,0,0,0,,1,0,0,0.301524,0,1.14772,1,1,0,0,0,1,0,0,0
"FSA Costs Multiplier 4 Fee Shifting Multiplier 1 Risk Neutral Noise 0.5,0.5","0","PDoesntAbandon1",0.0049,0,0.00488278,0.494841,1,1,1,1,0.880555,0.1,,,0,,,,,0,0.212239,0.739148,0.498867,9.55978,8.35324,9.55978,8.35324,2.08698,1.33222,0.672313,2.00454,3.4898,2.07062,0,0,0,,0.0243067,0.236545,0.0486133,0.491491,0,1.98262,1,1,0,0,0,0,0.212239,0.370412,0.368736
"FSA Costs Multiplier 4 Fee Shifting Multiplier 1 Risk Neutral Noise 0.5,0.5","0","DDefaults1",0.001,0,0.00103632,0.501795,1,1,1,1,0.9,0.1,,,0,,,,,0,1,0,,10.4,8.4,10.4,8.4,1.2,1.09704,0.301778,1.39881,1.45348,0.181067,0,0,0,,0,1,0,0.502963,0,2.01683,1,1,0,0,0,0,1,0,0
"FSA Costs Multiplier 4 Fee Shifting Multiplier 1 Risk Neutral Noise 0.5,0.5","0","DDoesntDefault1",0.0038,0,0.00384647,0.492967,1,1,1,1,0.875316,0.1,,,0,,,,,0,0,0.938289,0.498867,9.33341,8.34064,9.33341,8.34064,2.32595,1.39559,0.772143,2.16773,4.03843,2.5797,0,0,0,,0.0308554,0.0308554,0.0617107,0.488401,0,1.9734,1,1,0,0,0,0,0,0.470208,0.468081
"FSA Costs Multiplier 4 Fee Shifting Multiplier 1 Risk Neutral Noise 0.5,0.5","0","POrDQuits1",0.002,0,0.00198595,0.44293,1,1,1,1,0.70873,0.1,,,0,,,,,0.478176,0.521824,0,,9.92182,8.87818,9.92182,8.87818,1.2,0.772857,0.388166,1.16102,0.878699,0.46359,0,0,0,,0.478176,0.521824,0,0.40664,0,1.60124,1,1,0,0,0,0.478176,0.521824,0,0
"FSA Costs Multiplier 4 Fee Shifting Multiplier 1 Risk Neutral Noise 0.5,0.5","0","P Loses",0.0018,0,0.00180864,0.481371,1,1,1,1,0.9,0.1,,,0,,,,,0,0,1,0,7.6,10,7.6,10,2.4,0,1.59536,1.59536,0,5.42422,0,0,0,,0,0,0,0.469223,0,2.0396,1,1,0,0,0,0,0,1,0
"FSA Costs Multiplier 4 Fee Shifting Multiplier 1 Risk Neutral Noise 0.5,0.5","0","P Wins",0.0018,0,0.00180046,0.51776,1,1,1,1,0.9,0.1,,,0,,,,,0,0,1,1,11,6.6,11,6.6,2.4,2.87066,0,2.87066,8.48982,0,0,0,0,,0,0,0,0.529342,0,2.03523,1,1,0,0,0,0,0,0,1
