"GroupName","OptionSet","Exploit","Refine","Seconds","Filter","All","PQuits","DQuits","Settles","Trial","Shifting","ShiftingOccursIfTrial","ShiftingValueIfTrial","PQuits","DQuits","POffer","DOffer","DMSAcc","DMSAccL1","DMSTrialRelAccL1","AccSq","Accuracy","Accuracy_ForPlaintiff","Accuracy_ForDefendant","TrialRelativeAccSq","TrialRelativeAccuracy","TrialRelativeAccuracy_ForPlaintiff","TrialRelativeAccuracy_ForDefendant","SettlementOrJudgment","DsProportionOfCost","DsProportionOfCostIfTrial","TrialValuePreShiftingIfOccurs","TrialValueWithShiftingIfOccurs","PTrialEffect_IfOccurs","DTrialEffect_IfOccurs","ResolutionValueIncludingShiftedAmount","SettlementValue","PWealth","DWealth","PWelfare","DWelfare","PQuality","DQuality","NQuality","QualitySum","PBestGuess","DBestGuess","QualitySum_PInfo","QualitySum_DInfo","PBias","DBias","NBias","BiasSum","BiasSum_PInfo","BiasSum_DInfo","Quality","Alpha_Quality","Alpha_Both_Quality","Alpha_Plaintiff_Quality","Alpha_Defendant_Quality","Alpha_Plaintiff_Bias","Alpha_Defendant_Bias","Evidence_Both_Quality","TrialCost","FeeShifting","FSMargin","FeeShiftingThreshold"
"wtaesq","wtaesq;q0.667;c0.063;t0.0200","-1.5270000000000002E-16","1","90","All",1,0,0.4,0,0.6,0,0,0,0,0.4,1.59621,-1,0.0152111,0.123333,0,0.181111,0.403333,0.397708,0.408958,0,0,0.01875,0.01875,0.79,0.5,0.5,0.79,0.79,0.75875,0.17875,0.79,,0.77125,0.19125,0.77125,0.19125,-0.05,-0.05,-0.5,0.666667,0.583333,0.583333,0.666667,0.666667,0.5,0.5,0.5,0.5,0.5,0.5,0.666667,0.5,1,0,0,0.5,0.5,0.666667,0.0625,1,0,0.02
"wtaesq","wtaesq;q0.667;c0.063;t0.0200","-1.5270000000000002E-16","1","90","PBias1",0.1,0,0.4,0,0.6,0,0,0,0,0.4,0.95,-1,0.0711111,0.266667,0,0.311111,0.533333,0.552083,0.514583,0,0,0.01875,0.01875,0.4,0.5,0.5,0.4,0.4,0.36875,0.56875,0.4,,0.38125,0.58125,0.38125,0.58125,-0.05,-0.05,-0.5,0.666667,0.470833,0.583333,0.666667,0.666667,0.05,0.5,0.5,0.275,0.05,0.5,0.666667,0.5,1,0,0,0.5,0.5,0.666667,0.0625,1,0,0.02
"wtaesq","wtaesq;q0.667;c0.063;t0.0200","-1.5270000000000002E-16","1","90","PBias2",0.1,0,0.4,0,0.6,0,0,0,0,0.4,0.95,-1,0.0277778,0.166667,0,0.277778,0.5,0.5125,0.4875,0,0,0.01875,0.01875,0.5,0.5,0.5,0.5,0.5,0.46875,0.46875,0.5,,0.48125,0.48125,0.48125,0.48125,-0.05,-0.05,-0.5,0.666667,0.495833,0.583333,0.666667,0.666667,0.15,0.5,0.5,0.325,0.15,0.5,0.666667,0.5,1,0,0,0.5,0.5,0.666667,0.0625,1,0,0.02
"wtaesq","wtaesq;q0.667;c0.063;t0.0200","-1.5270000000000002E-16","1","90","PBias3",0.1,0,0.4,0,0.6,0,0,0,0,0.4,0.95,-1,0.0044444,0.0666667,0,0.244444,0.466667,0.472917,0.460417,0,0,0.01875,0.01875,0.6,0.5,0.5,0.6,0.6,0.56875,0.36875,0.6,,0.58125,0.38125,0.58125,0.38125,-0.05,-0.05,-0.5,0.666667,0.520833,0.583333,0.666667,0.666667,0.25,0.5,0.5,0.375,0.25,0.5,0.666667,0.5,1,0,0,0.5,0.5,0.666667,0.0625,1,0,0.02
"wtaesq","wtaesq;q0.667;c0.063;t0.0200","-1.5270000000000002E-16","1","90","PBias4",0.1,0,0.4,0,0.6,0,0,0,0,0.4,1.11205,-1,0.0011111,0.0333333,0,0.211111,0.433333,0.433333,0.433333,0,0,0.01875,0.01875,0.7,0.5,0.5,0.7,0.7,0.66875,0.26875,0.7,,0.68125,0.28125,0.68125,0.28125,-0.05,-0.05,-0.5,0.666667,0.545833,0.583333,0.666667,0.666667,0.35,0.5,0.5,0.425,0.35,0.5,0.666667,0.5,1,0,0,0.5,0.5,0.666667,0.0625,1,0,0.02
"wtaesq","wtaesq;q0.667;c0.063;t0.0200","-1.5270000000000002E-16","1","90","PBias5",0.1,0,0.4,0,0.6,0,0,0,0,0.4,2,-1,0.0177778,0.133333,0,0.177778,0.4,0.39375,0.40625,0,0,0.01875,0.01875,0.8,0.5,0.5,0.8,0.8,0.76875,0.16875,0.8,,0.78125,0.18125,0.78125,0.18125,-0.05,-0.05,-0.5,0.666667,0.570833,0.583333,0.666667,0.666667,0.45,0.5,0.5,0.475,0.45,0.5,0.666667,0.5,1,0,0,0.5,0.5,0.666667,0.0625,1,0,0.02
"wtaesq","wtaesq;q0.667;c0.063;t0.0200","-1.5270000000000002E-16","1","90","PBias6",0.1,0,0.4,0,0.6,0,0,0,0,0.4,2,-1,0.0544444,0.233333,0,0.144444,0.366667,0.354167,0.379167,0,0,0.01875,0.01875,0.9,0.5,0.5,0.9,0.9,0.86875,0.06875,0.9,,0.88125,0.08125,0.88125,0.08125,-0.05,-0.05,-0.5,0.666667,0.595833,0.583333,0.666667,0.666667,0.55,0.5,0.5,0.525,0.55,0.5,0.666667,0.5,1,0,0,0.5,0.5,0.666667,0.0625,1,0,0.02
"wtaesq","wtaesq;q0.667;c0.063;t0.0200","-1.5270000000000002E-16","1","90","PBias7",0.1,0,0.4,0,0.6,0,0,0,0,0.4,2,-1,0.111111,0.333333,0,0.111111,0.333333,0.314583,0.352083,0,0,0.01875,0.01875,1,0.5,0.5,1,1,0.96875,-0.03125,1,,0.98125,-0.01875,0.98125,-0.01875,-0.05,-0.05,-0.5,0.666667,0.620833,0.583333,0.666667,0.666667,0.65,0.5,0.5,0.575,0.65,0.5,0.666667,0.5,1,0,0,0.5,0.5,0.666667,0.0625,1,0,0.02
"wtaesq","wtaesq;q0.667;c0.063;t0.0200","-1.5270000000000002E-16","1","90","PBias8",0.1,0,0.4,0,0.6,0,0,0,0,0.4,2,-1,0.111111,0.333333,0,0.111111,0.333333,0.314583,0.352083,0,0,0.01875,0.01875,1,0.5,0.5,1,1,0.96875,-0.03125,1,,0.98125,-0.01875,0.98125,-0.01875,-0.05,-0.05,-0.5,0.666667,0.645833,0.583333,0.666667,0.666667,0.75,0.5,0.5,0.625,0.75,0.5,0.666667,0.5,1,0,0,0.5,0.5,0.666667,0.0625,1,0,0.02
"wtaesq","wtaesq;q0.667;c0.063;t0.0200","-1.5270000000000002E-16","1","90","PBias9",0.1,0,0.4,0,0.6,0,0,0,0,0.4,2,-1,0.111111,0.333333,0,0.111111,0.333333,0.314583,0.352083,0,0,0.01875,0.01875,1,0.5,0.5,1,1,0.96875,-0.03125,1,,0.98125,-0.01875,0.98125,-0.01875,-0.05,-0.05,-0.5,0.666667,0.670833,0.583333,0.666667,0.666667,0.85,0.5,0.5,0.675,0.85,0.5,0.666667,0.5,1,0,0,0.5,0.5,0.666667,0.0625,1,0,0.02
"wtaesq","wtaesq;q0.667;c0.063;t0.0200","-1.5270000000000002E-16","1","90","PBias10",0.1,0,0.4,0,0.6,0,0,0,0,0.4,2,-1,0.111111,0.333333,0,0.111111,0.333333,0.314583,0.352083,0,0,0.01875,0.01875,1,0.5,0.5,1,1,0.96875,-0.03125,1,,0.98125,-0.01875,0.98125,-0.01875,-0.05,-0.05,-0.5,0.666667,0.695833,0.583333,0.666667,0.666667,0.95,0.5,0.5,0.725,0.95,0.5,0.666667,0.5,1,0,0,0.5,0.5,0.666667,0.0625,1,0,0.02
"wtaesq","wtaesq;q0.667;c0.063;t0.0200","-1.5270000000000002E-16","1","90","DBias1",0.1,0,0,0,1,0,0,0,0,0,1.59621,-1,0.0711111,0.266667,0,0.311111,0.533333,0.539583,0.527083,0,0,0.03125,0.03125,0.4,0.5,0.5,0.4,0.4,0.36875,0.56875,0.4,,0.36875,0.56875,0.36875,0.56875,-0.05,-0.05,-0.5,0.666667,0.583333,0.470833,0.666667,0.666667,0.5,0.05,0.5,0.275,0.5,0.05,0.666667,0.5,1,0,0,0.5,0.5,0.666667,0.0625,1,0,0.02
"wtaesq","wtaesq;q0.667;c0.063;t0.0200","-1.5270000000000002E-16","1","90","DBias2",0.1,0,0,0,1,0,0,0,0,0,1.59621,-1,0.0277778,0.166667,0,0.277778,0.5,0.5,0.5,0,0,0.03125,0.03125,0.5,0.5,0.5,0.5,0.5,0.46875,0.46875,0.5,,0.46875,0.46875,0.46875,0.46875,-0.05,-0.05,-0.5,0.666667,0.583333,0.495833,0.666667,0.666667,0.5,0.15,0.5,0.325,0.5,0.15,0.666667,0.5,1,0,0,0.5,0.5,0.666667,0.0625,1,0,0.02
"wtaesq","wtaesq;q0.667;c0.063;t0.0200","-1.5270000000000002E-16","1","90","DBias3",0.1,0,0,0,1,0,0,0,0,0,1.59621,-1,0.0044444,0.0666667,0,0.244444,0.466667,0.460417,0.472917,0,0,0.03125,0.03125,0.6,0.5,0.5,0.6,0.6,0.56875,0.36875,0.6,,0.56875,0.36875,0.56875,0.36875,-0.05,-0.05,-0.5,0.666667,0.583333,0.520833,0.666667,0.666667,0.5,0.25,0.5,0.375,0.5,0.25,0.666667,0.5,1,0,0,0.5,0.5,0.666667,0.0625,1,0,0.02
"wtaesq","wtaesq;q0.667;c0.063;t0.0200","-1.5270000000000002E-16","1","90","DBias4",0.1,0,0,0,1,0,0,0,0,0,1.59621,-1,0.0011111,0.0333333,0,0.211111,0.433333,0.420833,0.445833,0,0,0.03125,0.03125,0.7,0.5,0.5,0.7,0.7,0.66875,0.26875,0.7,,0.66875,0.26875,0.66875,0.26875,-0.05,-0.05,-0.5,0.666667,0.583333,0.545833,0.666667,0.666667,0.5,0.35,0.5,0.425,0.5,0.35,0.666667,0.5,1,0,0,0.5,0.5,0.666667,0.0625,1,0,0.02
"wtaesq","wtaesq;q0.667;c0.063;t0.0200","-1.5270000000000002E-16","1","90","DBias5",0.1,0,0,0,1,0,0,0,0,0,1.59621,-1,0.0177778,0.133333,0,0.177778,0.4,0.38125,0.41875,0,0,0.03125,0.03125,0.8,0.5,0.5,0.8,0.8,0.76875,0.16875,0.8,,0.76875,0.16875,0.76875,0.16875,-0.05,-0.05,-0.5,0.666667,0.583333,0.570833,0.666667,0.666667,0.5,0.45,0.5,0.475,0.5,0.45,0.666667,0.5,1,0,0,0.5,0.5,0.666667,0.0625,1,0,0.02
"wtaesq","wtaesq;q0.667;c0.063;t0.0200","-1.5270000000000002E-16","1","90","DBias6",0.1,0,0,0,1,0,0,0,0,0,1.59621,-1,0.0544444,0.233333,0,0.144444,0.366667,0.341667,0.391667,0,0,0.03125,0.03125,0.9,0.5,0.5,0.9,0.9,0.86875,0.06875,0.9,,0.86875,0.06875,0.86875,0.06875,-0.05,-0.05,-0.5,0.666667,0.583333,0.595833,0.666667,0.666667,0.5,0.55,0.5,0.525,0.5,0.55,0.666667,0.5,1,0,0,0.5,0.5,0.666667,0.0625,1,0,0.02
"wtaesq","wtaesq;q0.667;c0.063;t0.0200","-1.5270000000000002E-16","1","90","DBias7",0.1,0,1,0,0,0,0,0,0,1,,,0.111111,0.333333,0,0.111111,0.333333,0.333333,0.333333,0,0,0,0,1,0.5,0.5,1,1,0.96875,-0.03125,1,,1,0,1,0,-0.05,-0.05,-0.5,0.666667,0.583333,0.620833,0.666667,0.666667,0.5,0.65,0.5,0.575,0.5,0.65,0.666667,0.5,1,0,0,0.5,0.5,0.666667,0.0625,1,0,0.02
"wtaesq","wtaesq;q0.667;c0.063;t0.0200","-1.5270000000000002E-16","1","90","DBias8",0.1,0,1,0,0,0,0,0,0,1,,,0.111111,0.333333,0,0.111111,0.333333,0.333333,0.333333,0,0,0,0,1,0.5,0.5,1,1,0.96875,-0.03125,1,,1,0,1,0,-0.05,-0.05,-0.5,0.666667,0.583333,0.645833,0.666667,0.666667,0.5,0.75,0.5,0.625,0.5,0.75,0.666667,0.5,1,0,0,0.5,0.5,0.666667,0.0625,1,0,0.02
"wtaesq","wtaesq;q0.667;c0.063;t0.0200","-1.5270000000000002E-16","1","90","DBias9",0.1,0,1,0,0,0,0,0,0,1,,,0.111111,0.333333,0,0.111111,0.333333,0.333333,0.333333,0,0,0,0,1,0.5,0.5,1,1,0.96875,-0.03125,1,,1,0,1,0,-0.05,-0.05,-0.5,0.666667,0.583333,0.670833,0.666667,0.666667,0.5,0.85,0.5,0.675,0.5,0.85,0.666667,0.5,1,0,0,0.5,0.5,0.666667,0.0625,1,0,0.02
"wtaesq","wtaesq;q0.667;c0.063;t0.0200","-1.5270000000000002E-16","1","90","DBias10",0.1,0,1,0,0,0,0,0,0,1,,,0.111111,0.333333,0,0.111111,0.333333,0.333333,0.333333,0,0,0,0,1,0.5,0.5,1,1,0.96875,-0.03125,1,,1,0,1,0,-0.05,-0.05,-0.5,0.666667,0.583333,0.695833,0.666667,0.666667,0.5,0.95,0.5,0.725,0.5,0.95,0.666667,0.5,1,0,0,0.5,0.5,0.666667,0.0625,1,0,0.02
"wtaesq","wtaesq;q0.667;c0.063;t0.0200","-1.5270000000000002E-16","1","90","POffer1",0,,,,,,,,,,,,,,,,,,,,,,,,,,,,,,,,,,,,,,,,,,,,,,,,,,,,,,,,,,,,,
"wtaesq","wtaesq;q0.667;c0.063;t0.0200","-1.5270000000000002E-16","1","90","POffer2",0,,,,,,,,,,,,,,,,,,,,,,,,,,,,,,,,,,,,,,,,,,,,,,,,,,,,,,,,,,,,,
"wtaesq","wtaesq;q0.667;c0.063;t0.0200","-1.5270000000000002E-16","1","90","POffer3",0,,,,,,,,,,,,,,,,,,,,,,,,,,,,,,,,,,,,,,,,,,,,,,,,,,,,,,,,,,,,,
"wtaesq","wtaesq;q0.667;c0.063;t0.0200","-1.5270000000000002E-16","1","90","POffer4",0,,,,,,,,,,,,,,,,,,,,,,,,,,,,,,,,,,,,,,,,,,,,,,,,,,,,,,,,,,,,,
"wtaesq","wtaesq;q0.667;c0.063;t0.0200","-1.5270000000000002E-16","1","90","POffer5",0,,,,,,,,,,,,,,,,,,,,,,,,,,,,,,,,,,,,,,,,,,,,,,,,,,,,,,,,,,,,,
"wtaesq","wtaesq;q0.667;c0.063;t0.0200","-1.5270000000000002E-16","1","90","POffer6",0,,,,,,,,,,,,,,,,,,,,,,,,,,,,,,,,,,,,,,,,,,,,,,,,,,,,,,,,,,,,,
"wtaesq","wtaesq;q0.667;c0.063;t0.0200","-1.5270000000000002E-16","1","90","POffer7",0,,,,,,,,,,,,,,,,,,,,,,,,,,,,,,,,,,,,,,,,,,,,,,,,,,,,,,,,,,,,,
"wtaesq","wtaesq;q0.667;c0.063;t0.0200","-1.5270000000000002E-16","1","90","POffer8",0,,,,,,,,,,,,,,,,,,,,,,,,,,,,,,,,,,,,,,,,,,,,,,,,,,,,,,,,,,,,,
"wtaesq","wtaesq;q0.667;c0.063;t0.0200","-1.5270000000000002E-16","1","90","POffer9",0,,,,,,,,,,,,,,,,,,,,,,,,,,,,,,,,,,,,,,,,,,,,,,,,,,,,,,,,,,,,,
"wtaesq","wtaesq;q0.667;c0.063;t0.0200","-1.5270000000000002E-16","1","90","POffer10",0,,,,,,,,,,,,,,,,,,,,,,,,,,,,,,,,,,,,,,,,,,,,,,,,,,,,,,,,,,,,,
"wtaesq","wtaesq;q0.667;c0.063;t0.0200","-1.5270000000000002E-16","1","90","POffer11",0.2307,0,0,0,1,0,0,0,0,0,0.95,-1,0.182073,0.4267,0,0.364455,0.586678,0.60293,0.570426,0,0,0.03125,0.03125,0.239967,0.5,0.5,0.239967,0.239967,0.208717,0.728783,0.239967,,0.208717,0.728783,0.208717,0.728783,-0.05,-0.05,-0.5,0.666667,0.506828,0.533333,0.666667,0.666667,0.19398,0.3,0.5,0.24699,0.19398,0.3,0.666667,0.5,1,0,0,0.5,0.5,0.666667,0.0625,1,0,0.02
"wtaesq","wtaesq;q0.667;c0.063;t0.0200","-1.5270000000000002E-16","1","90","POffer12",0.3693,0,0,0,1,0,0,0,0,0,2,-1,0.0573847,0.239551,0,0.142372,0.364594,0.339205,0.389983,0,0,0.03125,0.03125,0.906218,0.5,0.5,0.906218,0.906218,0.874968,0.0625322,0.906218,,0.874968,0.0625322,0.874968,0.0625322,-0.05,-0.05,-0.5,0.666667,0.631139,0.533333,0.666667,0.666667,0.691223,0.3,0.5,0.495611,0.691223,0.3,0.666667,0.5,1,0,0,0.5,0.5,0.666667,0.0625,1,0,0.02
"wtaesq","wtaesq;q0.667;c0.063;t0.0200","-1.5270000000000002E-16","1","90","DOffer1",0.6,0,0,0,1,0,0,0,0,0,1.59621,-1,0.0002778,0.0166667,0,0.227778,0.45,0.440625,0.459375,0,0,0.03125,0.03125,0.65,0.5,0.5,0.65,0.65,0.61875,0.31875,0.65,,0.61875,0.31875,0.61875,0.31875,-0.05,-0.05,-0.5,0.666667,0.583333,0.533333,0.666667,0.666667,0.5,0.3,0.5,0.4,0.5,0.3,0.666667,0.5,1,0,0,0.5,0.5,0.666667,0.0625,1,0,0.02
"wtaesq","wtaesq;q0.667;c0.063;t0.0200","-1.5270000000000002E-16","1","90","DOffer2",0,,,,,,,,,,,,,,,,,,,,,,,,,,,,,,,,,,,,,,,,,,,,,,,,,,,,,,,,,,,,,
"wtaesq","wtaesq;q0.667;c0.063;t0.0200","-1.5270000000000002E-16","1","90","DOffer3",0,,,,,,,,,,,,,,,,,,,,,,,,,,,,,,,,,,,,,,,,,,,,,,,,,,,,,,,,,,,,,
"wtaesq","wtaesq;q0.667;c0.063;t0.0200","-1.5270000000000002E-16","1","90","DOffer4",0,,,,,,,,,,,,,,,,,,,,,,,,,,,,,,,,,,,,,,,,,,,,,,,,,,,,,,,,,,,,,
"wtaesq","wtaesq;q0.667;c0.063;t0.0200","-1.5270000000000002E-16","1","90","DOffer5",0,,,,,,,,,,,,,,,,,,,,,,,,,,,,,,,,,,,,,,,,,,,,,,,,,,,,,,,,,,,,,
"wtaesq","wtaesq;q0.667;c0.063;t0.0200","-1.5270000000000002E-16","1","90","DOffer6",0,,,,,,,,,,,,,,,,,,,,,,,,,,,,,,,,,,,,,,,,,,,,,,,,,,,,,,,,,,,,,
"wtaesq","wtaesq;q0.667;c0.063;t0.0200","-1.5270000000000002E-16","1","90","DOffer7",0,,,,,,,,,,,,,,,,,,,,,,,,,,,,,,,,,,,,,,,,,,,,,,,,,,,,,,,,,,,,,
"wtaesq","wtaesq;q0.667;c0.063;t0.0200","-1.5270000000000002E-16","1","90","DOffer8",0,,,,,,,,,,,,,,,,,,,,,,,,,,,,,,,,,,,,,,,,,,,,,,,,,,,,,,,,,,,,,
"wtaesq","wtaesq;q0.667;c0.063;t0.0200","-1.5270000000000002E-16","1","90","DOffer9",0,,,,,,,,,,,,,,,,,,,,,,,,,,,,,,,,,,,,,,,,,,,,,,,,,,,,,,,,,,,,,
"wtaesq","wtaesq;q0.667;c0.063;t0.0200","-1.5270000000000002E-16","1","90","DOffer10",0,,,,,,,,,,,,,,,,,,,,,,,,,,,,,,,,,,,,,,,,,,,,,,,,,,,,,,,,,,,,,
"wtaesq","wtaesq;q0.667;c0.063;t0.0200","-1.5270000000000002E-16","1","90","DOffer11",0,,,,,,,,,,,,,,,,,,,,,,,,,,,,,,,,,,,,,,,,,,,,,,,,,,,,,,,,,,,,,
"wtaesq","wtaesq;q0.667;c0.063;t0.0200","-1.5270000000000002E-16","1","90","DOffer12",0,,,,,,,,,,,,,,,,,,,,,,,,,,,,,,,,,,,,,,,,,,,,,,,,,,,,,,,,,,,,,
"wtaesq","wtaesq;q0.667;c0.063;t0.0200","-1.5270000000000002E-16","1","90","QualitySum1",0,,,,,,,,,,,,,,,,,,,,,,,,,,,,,,,,,,,,,,,,,,,,,,,,,,,,,,,,,,,,,
"wtaesq","wtaesq;q0.667;c0.063;t0.0200","-1.5270000000000002E-16","1","90","QualitySum2",0,,,,,,,,,,,,,,,,,,,,,,,,,,,,,,,,,,,,,,,,,,,,,,,,,,,,,,,,,,,,,
"wtaesq","wtaesq;q0.667;c0.063;t0.0200","-1.5270000000000002E-16","1","90","QualitySum3",0,,,,,,,,,,,,,,,,,,,,,,,,,,,,,,,,,,,,,,,,,,,,,,,,,,,,,,,,,,,,,
"wtaesq","wtaesq;q0.667;c0.063;t0.0200","-1.5270000000000002E-16","1","90","QualitySum4",0,,,,,,,,,,,,,,,,,,,,,,,,,,,,,,,,,,,,,,,,,,,,,,,,,,,,,,,,,,,,,
"wtaesq","wtaesq;q0.667;c0.063;t0.0200","-1.5270000000000002E-16","1","90","QualitySum5",0,,,,,,,,,,,,,,,,,,,,,,,,,,,,,,,,,,,,,,,,,,,,,,,,,,,,,,,,,,,,,
"wtaesq","wtaesq;q0.667;c0.063;t0.0200","-1.5270000000000002E-16","1","90","QualitySum6",0,,,,,,,,,,,,,,,,,,,,,,,,,,,,,,,,,,,,,,,,,,,,,,,,,,,,,,,,,,,,,
"wtaesq","wtaesq;q0.667;c0.063;t0.0200","-1.5270000000000002E-16","1","90","QualitySum7",0,,,,,,,,,,,,,,,,,,,,,,,,,,,,,,,,,,,,,,,,,,,,,,,,,,,,,,,,,,,,,
"wtaesq","wtaesq;q0.667;c0.063;t0.0200","-1.5270000000000002E-16","1","90","QualitySum8",0,,,,,,,,,,,,,,,,,,,,,,,,,,,,,,,,,,,,,,,,,,,,,,,,,,,,,,,,,,,,,
"wtaesq","wtaesq;q0.667;c0.063;t0.0200","-1.5270000000000002E-16","1","90","QualitySum9",0,,,,,,,,,,,,,,,,,,,,,,,,,,,,,,,,,,,,,,,,,,,,,,,,,,,,,,,,,,,,,
"wtaesq","wtaesq;q0.667;c0.063;t0.0200","-1.5270000000000002E-16","1","90","QualitySum10",0,,,,,,,,,,,,,,,,,,,,,,,,,,,,,,,,,,,,,,,,,,,,,,,,,,,,,,,,,,,,,
"wtaesq","wtaesq;q0.667;c0.063;t0.0200","-1.5270000000000002E-16","1","90","QualitySum11",0,,,,,,,,,,,,,,,,,,,,,,,,,,,,,,,,,,,,,,,,,,,,,,,,,,,,,,,,,,,,,
"wtaesq","wtaesq;q0.667;c0.063;t0.0200","-1.5270000000000002E-16","1","90","QualitySum12",0,,,,,,,,,,,,,,,,,,,,,,,,,,,,,,,,,,,,,,,,,,,,,,,,,,,,,,,,,,,,,
"wtaesq","wtaesq;q0.667;c0.063;t0.0200","-1.5270000000000002E-16","1","90","QualitySum13",0,,,,,,,,,,,,,,,,,,,,,,,,,,,,,,,,,,,,,,,,,,,,,,,,,,,,,,,,,,,,,
"wtaesq","wtaesq;q0.667;c0.063;t0.0200","-1.5270000000000002E-16","1","90","QualitySum14",1,0,0.4,0,0.6,0,0,0,0,0.4,1.59621,-1,0.0152111,0.123333,0,0.181111,0.403333,0.397708,0.408958,0,0,0.01875,0.01875,0.79,0.5,0.5,0.79,0.79,0.75875,0.17875,0.79,,0.77125,0.19125,0.77125,0.19125,-0.05,-0.05,-0.5,0.666667,0.583333,0.583333,0.666667,0.666667,0.5,0.5,0.5,0.5,0.5,0.5,0.666667,0.5,1,0,0,0.5,0.5,0.666667,0.0625,1,0,0.02
"wtaesq","wtaesq;q0.667;c0.063;t0.0200","-1.5270000000000002E-16","1","90","QualitySum15",0,,,,,,,,,,,,,,,,,,,,,,,,,,,,,,,,,,,,,,,,,,,,,,,,,,,,,,,,,,,,,
"wtaesq","wtaesq;q0.667;c0.063;t0.0200","-1.5270000000000002E-16","1","90","QualitySum16",0,,,,,,,,,,,,,,,,,,,,,,,,,,,,,,,,,,,,,,,,,,,,,,,,,,,,,,,,,,,,,
"wtaesq","wtaesq;q0.667;c0.063;t0.0200","-1.5270000000000002E-16","1","90","QualitySum17",0,,,,,,,,,,,,,,,,,,,,,,,,,,,,,,,,,,,,,,,,,,,,,,,,,,,,,,,,,,,,,
"wtaesq","wtaesq;q0.667;c0.063;t0.0200","-1.5270000000000002E-16","1","90","QualitySum18",0,,,,,,,,,,,,,,,,,,,,,,,,,,,,,,,,,,,,,,,,,,,,,,,,,,,,,,,,,,,,,
"wtaesq","wtaesq;q0.667;c0.063;t0.0200","-1.5270000000000002E-16","1","90","QualitySum19",0,,,,,,,,,,,,,,,,,,,,,,,,,,,,,,,,,,,,,,,,,,,,,,,,,,,,,,,,,,,,,
"wtaesq","wtaesq;q0.667;c0.063;t0.0200","-1.5270000000000002E-16","1","90","QualitySum20",0,,,,,,,,,,,,,,,,,,,,,,,,,,,,,,,,,,,,,,,,,,,,,,,,,,,,,,,,,,,,,
"wtaesq","wtaesq;q0.667;c0.063;t0.0200","-1.5270000000000002E-16","1","90","PBestGuess1",0,,,,,,,,,,,,,,,,,,,,,,,,,,,,,,,,,,,,,,,,,,,,,,,,,,,,,,,,,,,,,
"wtaesq","wtaesq;q0.667;c0.063;t0.0200","-1.5270000000000002E-16","1","90","PBestGuess2",0,,,,,,,,,,,,,,,,,,,,,,,,,,,,,,,,,,,,,,,,,,,,,,,,,,,,,,,,,,,,,
"wtaesq","wtaesq;q0.667;c0.063;t0.0200","-1.5270000000000002E-16","1","90","PBestGuess3",0,,,,,,,,,,,,,,,,,,,,,,,,,,,,,,,,,,,,,,,,,,,,,,,,,,,,,,,,,,,,,
"wtaesq","wtaesq;q0.667;c0.063;t0.0200","-1.5270000000000002E-16","1","90","PBestGuess4",0,,,,,,,,,,,,,,,,,,,,,,,,,,,,,,,,,,,,,,,,,,,,,,,,,,,,,,,,,,,,,
"wtaesq","wtaesq;q0.667;c0.063;t0.0200","-1.5270000000000002E-16","1","90","PBestGuess5",0,,,,,,,,,,,,,,,,,,,,,,,,,,,,,,,,,,,,,,,,,,,,,,,,,,,,,,,,,,,,,
"wtaesq","wtaesq;q0.667;c0.063;t0.0200","-1.5270000000000002E-16","1","90","PBestGuess6",0,,,,,,,,,,,,,,,,,,,,,,,,,,,,,,,,,,,,,,,,,,,,,,,,,,,,,,,,,,,,,
"wtaesq","wtaesq;q0.667;c0.063;t0.0200","-1.5270000000000002E-16","1","90","PBestGuess7",0,,,,,,,,,,,,,,,,,,,,,,,,,,,,,,,,,,,,,,,,,,,,,,,,,,,,,,,,,,,,,
"wtaesq","wtaesq;q0.667;c0.063;t0.0200","-1.5270000000000002E-16","1","90","PBestGuess8",0,,,,,,,,,,,,,,,,,,,,,,,,,,,,,,,,,,,,,,,,,,,,,,,,,,,,,,,,,,,,,
"wtaesq","wtaesq;q0.667;c0.063;t0.0200","-1.5270000000000002E-16","1","90","PBestGuess9",0,,,,,,,,,,,,,,,,,,,,,,,,,,,,,,,,,,,,,,,,,,,,,,,,,,,,,,,,,,,,,
"wtaesq","wtaesq;q0.667;c0.063;t0.0200","-1.5270000000000002E-16","1","90","PBestGuess10",0.2,0,0.4,0,0.6,0,0,0,0,0.4,0.95,-1,0.0469444,0.216667,0,0.294444,0.516667,0.532292,0.501042,0,0,0.01875,0.01875,0.45,0.5,0.5,0.45,0.45,0.41875,0.51875,0.45,,0.43125,0.53125,0.43125,0.53125,-0.05,-0.05,-0.5,0.666667,0.483333,0.583333,0.666667,0.666667,0.1,0.5,0.5,0.3,0.1,0.5,0.666667,0.5,1,0,0,0.5,0.5,0.666667,0.0625,1,0,0.02
"wtaesq","wtaesq;q0.667;c0.063;t0.0200","-1.5270000000000002E-16","1","90","PBestGuess11",0.2,0,0.4,0,0.6,0,0,0,0,0.4,1.03103,-1,0.0002778,0.0166667,0,0.227778,0.45,0.453125,0.446875,0,0,0.01875,0.01875,0.65,0.5,0.5,0.65,0.65,0.61875,0.31875,0.65,,0.63125,0.33125,0.63125,0.33125,-0.05,-0.05,-0.5,0.666667,0.533333,0.583333,0.666667,0.666667,0.3,0.5,0.5,0.4,0.3,0.5,0.666667,0.5,1,0,0,0.5,0.5,0.666667,0.0625,1,0,0.02
"wtaesq","wtaesq;q0.667;c0.063;t0.0200","-1.5270000000000002E-16","1","90","PBestGuess12",0.2,0,0.4,0,0.6,0,0,0,0,0.4,2,-1,0.0336111,0.183333,0,0.161111,0.383333,0.373958,0.392708,0,0,0.01875,0.01875,0.85,0.5,0.5,0.85,0.85,0.81875,0.11875,0.85,,0.83125,0.13125,0.83125,0.13125,-0.05,-0.05,-0.5,0.666667,0.583333,0.583333,0.666667,0.666667,0.5,0.5,0.5,0.5,0.5,0.5,0.666667,0.5,1,0,0,0.5,0.5,0.666667,0.0625,1,0,0.02
"wtaesq","wtaesq;q0.667;c0.063;t0.0200","-1.5270000000000002E-16","1","90","PBestGuess13",0.2,0,0.4,0,0.6,0,0,0,0,0.4,2,-1,0.111111,0.333333,0,0.111111,0.333333,0.314583,0.352083,0,0,0.01875,0.01875,1,0.5,0.5,1,1,0.96875,-0.03125,1,,0.98125,-0.01875,0.98125,-0.01875,-0.05,-0.05,-0.5,0.666667,0.633333,0.583333,0.666667,0.666667,0.7,0.5,0.5,0.6,0.7,0.5,0.666667,0.5,1,0,0,0.5,0.5,0.666667,0.0625,1,0,0.02
"wtaesq","wtaesq;q0.667;c0.063;t0.0200","-1.5270000000000002E-16","1","90","PBestGuess14",0.2,0,0.4,0,0.6,0,0,0,0,0.4,2,-1,0.111111,0.333333,0,0.111111,0.333333,0.314583,0.352083,0,0,0.01875,0.01875,1,0.5,0.5,1,1,0.96875,-0.03125,1,,0.98125,-0.01875,0.98125,-0.01875,-0.05,-0.05,-0.5,0.666667,0.683333,0.583333,0.666667,0.666667,0.9,0.5,0.5,0.7,0.9,0.5,0.666667,0.5,1,0,0,0.5,0.5,0.666667,0.0625,1,0,0.02
"wtaesq","wtaesq;q0.667;c0.063;t0.0200","-1.5270000000000002E-16","1","90","PBestGuess15",0,,,,,,,,,,,,,,,,,,,,,,,,,,,,,,,,,,,,,,,,,,,,,,,,,,,,,,,,,,,,,
"wtaesq","wtaesq;q0.667;c0.063;t0.0200","-1.5270000000000002E-16","1","90","PBestGuess16",0,,,,,,,,,,,,,,,,,,,,,,,,,,,,,,,,,,,,,,,,,,,,,,,,,,,,,,,,,,,,,
"wtaesq","wtaesq;q0.667;c0.063;t0.0200","-1.5270000000000002E-16","1","90","PBestGuess17",0,,,,,,,,,,,,,,,,,,,,,,,,,,,,,,,,,,,,,,,,,,,,,,,,,,,,,,,,,,,,,
"wtaesq","wtaesq;q0.667;c0.063;t0.0200","-1.5270000000000002E-16","1","90","PBestGuess18",0,,,,,,,,,,,,,,,,,,,,,,,,,,,,,,,,,,,,,,,,,,,,,,,,,,,,,,,,,,,,,
"wtaesq","wtaesq;q0.667;c0.063;t0.0200","-1.5270000000000002E-16","1","90","PBestGuess19",0,,,,,,,,,,,,,,,,,,,,,,,,,,,,,,,,,,,,,,,,,,,,,,,,,,,,,,,,,,,,,
"wtaesq","wtaesq;q0.667;c0.063;t0.0200","-1.5270000000000002E-16","1","90","PBestGuess20",0,,,,,,,,,,,,,,,,,,,,,,,,,,,,,,,,,,,,,,,,,,,,,,,,,,,,,,,,,,,,,
"wtaesq","wtaesq;q0.667;c0.063;t0.0200","-1.5270000000000002E-16","1","90","DBestGuess1",0,,,,,,,,,,,,,,,,,,,,,,,,,,,,,,,,,,,,,,,,,,,,,,,,,,,,,,,,,,,,,
"wtaesq","wtaesq;q0.667;c0.063;t0.0200","-1.5270000000000002E-16","1","90","DBestGuess2",0,,,,,,,,,,,,,,,,,,,,,,,,,,,,,,,,,,,,,,,,,,,,,,,,,,,,,,,,,,,,,
"wtaesq","wtaesq;q0.667;c0.063;t0.0200","-1.5270000000000002E-16","1","90","DBestGuess3",0,,,,,,,,,,,,,,,,,,,,,,,,,,,,,,,,,,,,,,,,,,,,,,,,,,,,,,,,,,,,,
"wtaesq","wtaesq;q0.667;c0.063;t0.0200","-1.5270000000000002E-16","1","90","DBestGuess4",0,,,,,,,,,,,,,,,,,,,,,,,,,,,,,,,,,,,,,,,,,,,,,,,,,,,,,,,,,,,,,
"wtaesq","wtaesq;q0.667;c0.063;t0.0200","-1.5270000000000002E-16","1","90","DBestGuess5",0,,,,,,,,,,,,,,,,,,,,,,,,,,,,,,,,,,,,,,,,,,,,,,,,,,,,,,,,,,,,,
"wtaesq","wtaesq;q0.667;c0.063;t0.0200","-1.5270000000000002E-16","1","90","DBestGuess6",0,,,,,,,,,,,,,,,,,,,,,,,,,,,,,,,,,,,,,,,,,,,,,,,,,,,,,,,,,,,,,
"wtaesq","wtaesq;q0.667;c0.063;t0.0200","-1.5270000000000002E-16","1","90","DBestGuess7",0,,,,,,,,,,,,,,,,,,,,,,,,,,,,,,,,,,,,,,,,,,,,,,,,,,,,,,,,,,,,,
"wtaesq","wtaesq;q0.667;c0.063;t0.0200","-1.5270000000000002E-16","1","90","DBestGuess8",0,,,,,,,,,,,,,,,,,,,,,,,,,,,,,,,,,,,,,,,,,,,,,,,,,,,,,,,,,,,,,
"wtaesq","wtaesq;q0.667;c0.063;t0.0200","-1.5270000000000002E-16","1","90","DBestGuess9",0,,,,,,,,,,,,,,,,,,,,,,,,,,,,,,,,,,,,,,,,,,,,,,,,,,,,,,,,,,,,,
"wtaesq","wtaesq;q0.667;c0.063;t0.0200","-1.5270000000000002E-16","1","90","DBestGuess10",0.2,0,0,0,1,0,0,0,0,0,1.59621,-1,0.0469444,0.216667,0,0.294444,0.516667,0.519792,0.513542,0,0,0.03125,0.03125,0.45,0.5,0.5,0.45,0.45,0.41875,0.51875,0.45,,0.41875,0.51875,0.41875,0.51875,-0.05,-0.05,-0.5,0.666667,0.583333,0.483333,0.666667,0.666667,0.5,0.1,0.5,0.3,0.5,0.1,0.666667,0.5,1,0,0,0.5,0.5,0.666667,0.0625,1,0,0.02
"wtaesq","wtaesq;q0.667;c0.063;t0.0200","-1.5270000000000002E-16","1","90","DBestGuess11",0.2,0,0,0,1,0,0,0,0,0,1.59621,-1,0.0002778,0.0166667,0,0.227778,0.45,0.440625,0.459375,0,0,0.03125,0.03125,0.65,0.5,0.5,0.65,0.65,0.61875,0.31875,0.65,,0.61875,0.31875,0.61875,0.31875,-0.05,-0.05,-0.5,0.666667,0.583333,0.533333,0.666667,0.666667,0.5,0.3,0.5,0.4,0.5,0.3,0.666667,0.5,1,0,0,0.5,0.5,0.666667,0.0625,1,0,0.02
"wtaesq","wtaesq;q0.667;c0.063;t0.0200","-1.5270000000000002E-16","1","90","DBestGuess12",0.2,0,0,0,1,0,0,0,0,0,1.59621,-1,0.0336111,0.183333,0,0.161111,0.383333,0.361458,0.405208,0,0,0.03125,0.03125,0.85,0.5,0.5,0.85,0.85,0.81875,0.11875,0.85,,0.81875,0.11875,0.81875,0.11875,-0.05,-0.05,-0.5,0.666667,0.583333,0.583333,0.666667,0.666667,0.5,0.5,0.5,0.5,0.5,0.5,0.666667,0.5,1,0,0,0.5,0.5,0.666667,0.0625,1,0,0.02
"wtaesq","wtaesq;q0.667;c0.063;t0.0200","-1.5270000000000002E-16","1","90","DBestGuess13",0.2,0,1,0,0,0,0,0,0,1,,,0.111111,0.333333,0,0.111111,0.333333,0.333333,0.333333,0,0,0,0,1,0.5,0.5,1,1,0.96875,-0.03125,1,,1,0,1,0,-0.05,-0.05,-0.5,0.666667,0.583333,0.633333,0.666667,0.666667,0.5,0.7,0.5,0.6,0.5,0.7,0.666667,0.5,1,0,0,0.5,0.5,0.666667,0.0625,1,0,0.02
"wtaesq","wtaesq;q0.667;c0.063;t0.0200","-1.5270000000000002E-16","1","90","DBestGuess14",0.2,0,1,0,0,0,0,0,0,1,,,0.111111,0.333333,0,0.111111,0.333333,0.333333,0.333333,0,0,0,0,1,0.5,0.5,1,1,0.96875,-0.03125,1,,1,0,1,0,-0.05,-0.05,-0.5,0.666667,0.583333,0.683333,0.666667,0.666667,0.5,0.9,0.5,0.7,0.5,0.9,0.666667,0.5,1,0,0,0.5,0.5,0.666667,0.0625,1,0,0.02
"wtaesq","wtaesq;q0.667;c0.063;t0.0200","-1.5270000000000002E-16","1","90","DBestGuess15",0,,,,,,,,,,,,,,,,,,,,,,,,,,,,,,,,,,,,,,,,,,,,,,,,,,,,,,,,,,,,,
"wtaesq","wtaesq;q0.667;c0.063;t0.0200","-1.5270000000000002E-16","1","90","DBestGuess16",0,,,,,,,,,,,,,,,,,,,,,,,,,,,,,,,,,,,,,,,,,,,,,,,,,,,,,,,,,,,,,
"wtaesq","wtaesq;q0.667;c0.063;t0.0200","-1.5270000000000002E-16","1","90","DBestGuess17",0,,,,,,,,,,,,,,,,,,,,,,,,,,,,,,,,,,,,,,,,,,,,,,,,,,,,,,,,,,,,,
"wtaesq","wtaesq;q0.667;c0.063;t0.0200","-1.5270000000000002E-16","1","90","DBestGuess18",0,,,,,,,,,,,,,,,,,,,,,,,,,,,,,,,,,,,,,,,,,,,,,,,,,,,,,,,,,,,,,
"wtaesq","wtaesq;q0.667;c0.063;t0.0200","-1.5270000000000002E-16","1","90","DBestGuess19",0,,,,,,,,,,,,,,,,,,,,,,,,,,,,,,,,,,,,,,,,,,,,,,,,,,,,,,,,,,,,,
"wtaesq","wtaesq;q0.667;c0.063;t0.0200","-1.5270000000000002E-16","1","90","DBestGuess20",0,,,,,,,,,,,,,,,,,,,,,,,,,,,,,,,,,,,,,,,,,,,,,,,,,,,,,,,,,,,,,
