"OptionSet","Exploit","Refine","Filter","All","NoDispute","DisputeArises","LitigQuality","PFiles","DAnswers","PBargains1","DBargains1","POffer1","DOffer1","POfferMixedness1","DOfferMixedness1","Settles1","PBet1","DBet1","PBetMixedness1","DBetMixedness1","PAbandons1","DDefaults1","Trial","PWinPct","PWealth","DWealth","PWelfare","DWelfare","TotExpense","False+","False-","False+-","False+^2","False-^2","PDSWelfare","Chips","Settles","ValIfSettled","PAbandons","DDefaults","BothReadyToGiveUp","TrulyLiable","PrimaryAction","MutualOptimism","P Files","D Answers","PDoesntFile","DDoesntAnswer","SettlesBR1","PAbandonsBR1","DDefaultsBR1","P Loses","P Wins"
"FSA Costs Multiplier 1 Fee Shifting Multiplier 0 Risk Neutral Noise 0.25,0.25","-8.882000000000001E-16","1","All",1,0,1,0.499999,0.584189,0.168466,1,1,0.9,0.1,,,0,,,,,0,0,0.168466,0.500005,10.3871,9.4495,10.3871,9.4495,0.163438,0.121425,0.164401,0.285826,0.119003,0.123526,0,0,0,,0,0,0,0.5,0,-3.36759E-06,0.584189,0.168466,0.415811,0.415723,0,0,0,0.084232,0.0842339
"FSA Costs Multiplier 1 Fee Shifting Multiplier 0 Risk Neutral Noise 0.25,0.25","-8.882000000000001E-16","1","NoDispute",0,0,0,,,,,,,,,,,,,,,,,,,,,,,,,,,,,,,,,,,,,,,,,,,,,,,
"FSA Costs Multiplier 1 Fee Shifting Multiplier 0 Risk Neutral Noise 0.25,0.25","-8.882000000000001E-16","1","DisputeArises",1,0,1,0.499999,0.584189,0.168466,1,1,0.9,0.1,,,0,,,,,0,0,0.168466,0.500005,10.3871,9.4495,10.3871,9.4495,0.163438,0.121425,0.164401,0.285826,0.119003,0.123526,0,0,0,,0,0,0,0.5,0,-3.36759E-06,0.584189,0.168466,0.415811,0.415723,0,0,0,0.084232,0.0842339
"FSA Costs Multiplier 1 Fee Shifting Multiplier 0 Risk Neutral Noise 0.25,0.25","-8.882000000000001E-16","1","PFiles",0.5842,0,0.584189,0.71846,1,0.288376,1,1,0.9,0.1,,,0,,,,,0,0,0.288376,0.500005,10.6626,9.05767,10.6626,9.05767,0.279769,0.207852,0.208758,0.416609,0.203706,0.138788,0,0,0,,0,0,0,0.783227,0,0.0139182,1,0.288376,0,0.711624,0,0,0,0.144186,0.144189
"FSA Costs Multiplier 1 Fee Shifting Multiplier 0 Risk Neutral Noise 0.25,0.25","-8.882000000000001E-16","1","DAnswers",0.1685,0,0.168466,0.500002,1,1,1,1,0.9,0.1,,,0,,,,,0,0,1,0.500005,10.2,9.19999,10.2,9.19999,0.6,0.469059,0.391511,0.860569,0.454682,0.431416,0,0,0,,0,0,0,0.500004,0,0.0955314,1,1,0,0,0,0,0,0.499995,0.500005
"FSA Costs Multiplier 1 Fee Shifting Multiplier 0 Risk Neutral Noise 0.25,0.25","-8.882000000000001E-16","1","Litigated",0.1685,0,0.168466,0.500002,1,1,1,1,0.9,0.1,,,0,,,,,0,0,1,0.500005,10.2,9.19999,10.2,9.19999,0.6,0.469059,0.391511,0.860569,0.454682,0.431416,0,0,0,,0,0,0,0.500004,0,0.0955314,1,1,0,0,0,0,0,0.499995,0.500005
"FSA Costs Multiplier 1 Fee Shifting Multiplier 0 Risk Neutral Noise 0.25,0.25","-8.882000000000001E-16","1","Not Litigated",0.8315,0,0.831534,0.499999,0.499947,0,1,1,,,,,0,,,,,0,0,0,,10.425,9.50005,10.425,9.50005,0.074992,0.0509951,0.11839,0.169385,0.0509951,0.0611484,0,0,0,,0,0,0,0.499999,0,-0.0193584,0.499947,0,0.500053,0.499947,0,0,0,0,0
"FSA Costs Multiplier 1 Fee Shifting Multiplier 0 Risk Neutral Noise 0.25,0.25","-8.882000000000001E-16","1","Settles",0,0,0,,,,,,,,,,,,,,,,,,,,,,,,,,,,,,,,,,,,,,,,,,,,,,,
"FSA Costs Multiplier 1 Fee Shifting Multiplier 0 Risk Neutral Noise 0.25,0.25","-8.882000000000001E-16","1","Tried",0.1685,0,0.168466,0.500002,1,1,1,1,0.9,0.1,,,0,,,,,0,0,1,0.500005,10.2,9.19999,10.2,9.19999,0.6,0.469059,0.391511,0.860569,0.454682,0.431416,0,0,0,,0,0,0,0.500004,0,0.0955314,1,1,0,0,0,0,0,0.499995,0.500005
"FSA Costs Multiplier 1 Fee Shifting Multiplier 0 Risk Neutral Noise 0.25,0.25","-8.882000000000001E-16","1","PWins",0.0842,0,0.0842339,0.510276,1,1,1,1,0.9,0.1,,,0,,,,,0,0,1,1,10.7,8.7,10.7,8.7,0.6,0.783018,0.155095,0.938112,0.862828,0.0465284,0,0,0,,0,0,0,0.516982,0,0.0955495,1,1,0,0,0,0,0,0,1
"FSA Costs Multiplier 1 Fee Shifting Multiplier 0 Risk Neutral Noise 0.25,0.25","-8.882000000000001E-16","1","DWins",0.0842,0,0.084232,0.489728,1,1,1,1,0.9,0.1,,,0,,,,,0,0,1,0,9.7,9.7,9.7,9.7,0.6,0.155093,0.627932,0.783024,0.0465278,0.816311,0,0,0,,0,0,0,0.483024,0,0.0955132,1,1,0,0,0,0,0,1,0
"FSA Costs Multiplier 1 Fee Shifting Multiplier 0 Risk Neutral Noise 0.25,0.25","-8.882000000000001E-16","1","Abandoned",0,0,0,,,,,,,,,,,,,,,,,,,,,,,,,,,,,,,,,,,,,,,,,,,,,,,
"FSA Costs Multiplier 1 Fee Shifting Multiplier 0 Risk Neutral Noise 0.25,0.25","-8.882000000000001E-16","1","Rounds1",0.1685,0,0.168466,0.500002,1,1,1,1,0.9,0.1,,,0,,,,,0,0,1,0.500005,10.2,9.19999,10.2,9.19999,0.6,0.469059,0.391511,0.860569,0.454682,0.431416,0,0,0,,0,0,0,0.500004,0,0.0955314,1,1,0,0,0,0,0,0.499995,0.500005
"FSA Costs Multiplier 1 Fee Shifting Multiplier 0 Risk Neutral Noise 0.25,0.25","-8.882000000000001E-16","1","PrePrimary1",0,0,0,,,,,,,,,,,,,,,,,,,,,,,,,,,,,,,,,,,,,,,,,,,,,,,
"FSA Costs Multiplier 1 Fee Shifting Multiplier 0 Risk Neutral Noise 0.25,0.25","-8.882000000000001E-16","1","PrePrimary2",0,0,0,,,,,,,,,,,,,,,,,,,,,,,,,,,,,,,,,,,,,,,,,,,,,,,
"FSA Costs Multiplier 1 Fee Shifting Multiplier 0 Risk Neutral Noise 0.25,0.25","-8.882000000000001E-16","1","PrePrimary3",0,0,0,,,,,,,,,,,,,,,,,,,,,,,,,,,,,,,,,,,,,,,,,,,,,,,
"FSA Costs Multiplier 1 Fee Shifting Multiplier 0 Risk Neutral Noise 0.25,0.25","-8.882000000000001E-16","1","PrePrimary4",0,0,0,,,,,,,,,,,,,,,,,,,,,,,,,,,,,,,,,,,,,,,,,,,,,,,
"FSA Costs Multiplier 1 Fee Shifting Multiplier 0 Risk Neutral Noise 0.25,0.25","-8.882000000000001E-16","1","PrePrimary5",0,0,0,,,,,,,,,,,,,,,,,,,,,,,,,,,,,,,,,,,,,,,,,,,,,,,
"FSA Costs Multiplier 1 Fee Shifting Multiplier 0 Risk Neutral Noise 0.25,0.25","-8.882000000000001E-16","1","PrePrimary6",0,0,0,,,,,,,,,,,,,,,,,,,,,,,,,,,,,,,,,,,,,,,,,,,,,,,
"FSA Costs Multiplier 1 Fee Shifting Multiplier 0 Risk Neutral Noise 0.25,0.25","-8.882000000000001E-16","1","PrePrimary7",0,0,0,,,,,,,,,,,,,,,,,,,,,,,,,,,,,,,,,,,,,,,,,,,,,,,
"FSA Costs Multiplier 1 Fee Shifting Multiplier 0 Risk Neutral Noise 0.25,0.25","-8.882000000000001E-16","1","PrePrimary8",0,0,0,,,,,,,,,,,,,,,,,,,,,,,,,,,,,,,,,,,,,,,,,,,,,,,
"FSA Costs Multiplier 1 Fee Shifting Multiplier 0 Risk Neutral Noise 0.25,0.25","-8.882000000000001E-16","1","PrePrimary9",0,0,0,,,,,,,,,,,,,,,,,,,,,,,,,,,,,,,,,,,,,,,,,,,,,,,
"FSA Costs Multiplier 1 Fee Shifting Multiplier 0 Risk Neutral Noise 0.25,0.25","-8.882000000000001E-16","1","PrePrimary10",0,0,0,,,,,,,,,,,,,,,,,,,,,,,,,,,,,,,,,,,,,,,,,,,,,,,
"FSA Costs Multiplier 1 Fee Shifting Multiplier 0 Risk Neutral Noise 0.25,0.25","-8.882000000000001E-16","1","Truly Liable",0.5,0,0.5,0.716723,0.915105,0.168467,1,1,0.9,0.1,,,0,,,,,0,0,0.168467,0.516984,10.6712,9.11573,10.6712,9.11573,0.213076,0.0261285,0.328803,0.354931,0.00783854,0.247052,0,0,0,,0,0,0,1,0,-1.68407E-06,0.915105,0.168467,0.0848947,0.746638,0,0,0,0.0813724,0.0870949
"FSA Costs Multiplier 1 Fee Shifting Multiplier 0 Risk Neutral Noise 0.25,0.25","-8.882000000000001E-16","1","Truly Not Liable",0.5,0,0.5,0.283276,0.253273,0.168465,1,1,0.9,0.1,,,0,,,,,0,0,0.168465,0.483026,10.1029,9.78328,10.1029,9.78328,0.1138,0.21672,0,0.21672,0.230166,0,0,0,0,,0,0,0,0,0,-5.05111E-06,0.253273,0.168465,0.746727,0.0848082,0,0,0,0.0870917,0.0813728
"FSA Costs Multiplier 1 Fee Shifting Multiplier 0 Risk Neutral Noise 0.25,0.25","-8.882000000000001E-16","1","AllCount",174,0,174,0.499999,101.649,29.3131,174,174,0.9,0.1,,,0,,,,,0,0,29.3131,44.0005,10.3871,9.4495,10.3871,9.4495,0.163438,0.121425,0.164401,0.285826,0.119003,0.123526,0,0,0,,0,0,0,86.9999,0,-3.36759E-06,101.649,29.3131,72.3512,72.3358,0,0,0,14.6564,14.6567
"FSA Costs Multiplier 1 Fee Shifting Multiplier 0 Risk Neutral Noise 0.25,0.25","-8.882000000000001E-16","1","Liability Strength1",0.2261,0,0.226108,0.1,1.0052E-9,1.00522E-09,1,1,0.9,0.1,,,0,,,,,0,0,1.005E-9,6.8164E-16,10,10,10,10,6.03132E-10,2.895E-10,0.0399657,0.0399657,8.6854E-11,0.0399657,0,0,0,,0,0,0,0.0399657,0,5.61561E-07,1.00522E-9,1.00522E-09,1,0,0,0,0,1.00522E-9,6.852E-25
"FSA Costs Multiplier 1 Fee Shifting Multiplier 0 Risk Neutral Noise 0.25,0.25","-8.882000000000001E-16","1","Liability Strength2",0.1902,0,0.190224,0.3,0.0227445,0.0227445,1,1,0.9,0.1,,,0,,,,,0,0,0.022745,3.1686E-05,9.99318,9.99318,9.99318,9.99318,0.0136467,0.0056675,0.170646,0.176313,0.00170103,0.172149,0,0,0,,0,0,0,0.169489,0,-1.64751E-05,0.0227445,0.0227445,0.977255,2.25239E-11,0,0,0,0.0227438,7.2068E-7
"FSA Costs Multiplier 1 Fee Shifting Multiplier 0 Risk Neutral Noise 0.25,0.25","-8.882000000000001E-16","1","Liability Strength3",0.1673,0,0.167337,0.5,0.977254,0.955022,1,1,0.9,0.1,,,0,,,,,0,0,0.955022,0.5,10.2099,9.21375,10.2099,9.21375,0.576348,0.464751,0.395049,0.859801,0.457589,0.436608,0,0,0,,0,0,0,0.5,0,-3.23249E-11,0.977254,0.955022,0.0227462,0.0222314,0,0,0,0.477511,0.477511
"FSA Costs Multiplier 1 Fee Shifting Multiplier 0 Risk Neutral Noise 0.25,0.25","-8.882000000000001E-16","1","Liability Strength4",0.1902,0,0.190226,0.7,1,0.0227539,1,1,0.9,0.1,,,0,,,,,0,0,0.022754,0.999968,10.8466,8.99317,10.8466,8.99317,0.160239,0.176315,0.127412,0.303727,0.173851,0.019963,0,0,0,,0,0,0,0.830511,0,-1.22814E-06,1,0.0227539,9.58623E-10,0.977246,0,0,0,7.20981E-7,0.0227532
"FSA Costs Multiplier 1 Fee Shifting Multiplier 0 Risk Neutral Noise 0.25,0.25","-8.882000000000001E-16","1","Liability Strength5",0.2261,0,0.226105,0.9,1,1.01945E-09,1,1,0.9,0.1,,,0,,,,,0,0,1.019E-9,1,10.85,9,10.85,9,0.15,0.0399657,0.144005,0.183971,0.0399657,0.0216008,0,0,0,,0,0,0,0.960034,0,-5.61601E-07,1,1.01945E-09,0,1,0,0,0,6.3699E-25,1.0194E-9
"FSA Costs Multiplier 1 Fee Shifting Multiplier 0 Risk Neutral Noise 0.25,0.25","-8.882000000000001E-16","1","PLiabilitySignal1",0.2252,0,0.225172,0.103845,0,0,1,1,,,,,0,,,,,0,0,0,,10,10,10,10,0,0,0.0424556,0.0424556,0,0.0424556,0,0,0,,0,0,0,0.0424556,0,-0.0420596,0,0,1,0,0,0,0,0,0
"FSA Costs Multiplier 1 Fee Shifting Multiplier 0 Risk Neutral Noise 0.25,0.25","-8.882000000000001E-16","1","PLiabilitySignal2",0.1906,0,0.19064,0.29847,0,0,1,1,,,,,0,,,,,0,0,0,,10,10,10,10,0,0,0.172512,0.172512,0,0.172512,0,0,0,,0,0,0,0.172512,0,0.00701,0,0,1,0,0,0,0,0,0
"FSA Costs Multiplier 1 Fee Shifting Multiplier 0 Risk Neutral Noise 0.25,0.25","-8.882000000000001E-16","1","PLiabilitySignal3",0.1684,0,0.16838,0.500002,1,0.9533,1,1,0.9,0.1,,,0,,,,,0,0,0.9533,0.486831,10.2178,9.20321,10.2178,9.20321,0.578985,0.462059,0.381363,0.843422,0.450562,0.42064,0,0,0,,0,0,0,0.500003,0,-2E-05,1,0.9533,0,0.0467,0,0,0,0.489204,0.464096
"FSA Costs Multiplier 1 Fee Shifting Multiplier 0 Risk Neutral Noise 0.25,0.25","-8.882000000000001E-16","1","PLiabilitySignal4",0.1906,0,0.19064,0.70153,1,0.04118,1,1,0.9,0.1,,,0,,,,,0,0,0.04118,0.763077,10.8341,8.9974,10.8341,8.9974,0.168531,0.178524,0.133164,0.311688,0.176031,0.0282973,0,0,0,,0,0,0,0.827488,0,-0.00701,1,0.04118,0,0.95882,0,0,0,0.00975649,0.0314235
"FSA Costs Multiplier 1 Fee Shifting Multiplier 0 Risk Neutral Noise 0.25,0.25","-8.882000000000001E-16","1","PLiabilitySignal5",0.2252,0,0.225169,0.896155,1,0.00044,1,1,0.9,0.1,,,0,,,,,0,0,0.00044,0.999968,10.8499,8.99987,10.8499,8.99987,0.150198,0.0425876,0.143686,0.186274,0.0425399,0.0215694,0,0,0,,0,0,0,0.957544,0,0.04206,1,0.00044,0,0.99956,0,0,0,1.42952E-8,0.00044
"FSA Costs Multiplier 1 Fee Shifting Multiplier 0 Risk Neutral Noise 0.25,0.25","-8.882000000000001E-16","1","DLiabilitySignal1",0.2252,0,0.225171,0.103843,0.0004337,0.000433716,1,1,0.9,0.1,,,0,,,,,0,0,0.000434,3.24891E-5,9.99987,9.99987,9.99987,9.99987,0.00026023,0.0001081,0.0424769,0.0425849,3.24373E-05,0.0425055,0,0,0,,0,0,0,0.0424548,0,0.0420483,0.00043372,0.000433716,0.999566,0,0,0,0,0.0004337,1.4091E-8
"FSA Costs Multiplier 1 Fee Shifting Multiplier 0 Risk Neutral Noise 0.25,0.25","-8.882000000000001E-16","1","DLiabilitySignal2",0.1906,0,0.190639,0.29847,0.0411762,0.0411762,1,1,0.9,0.1,,,0,,,,,0,0,0.041176,0.236923,9.9974,9.97789,9.9974,9.97789,0.0247057,0.014666,0.171662,0.186328,0.0107412,0.173972,0,0,0,,0,0,0,0.172511,0,-0.00701285,0.0411762,0.0411762,0.958824,0,0,0,0,0.0314206,0.0097556
"FSA Costs Multiplier 1 Fee Shifting Multiplier 0 Risk Neutral Noise 0.25,0.25","-8.882000000000001E-16","1","DLiabilitySignal3",0.1684,0,0.168382,0.5,0.953298,0.953298,1,1,0.9,0.1,,,0,,,,,0,0,0.953298,0.513175,10.2032,9.2248,10.2032,9.2248,0.571979,0.452542,0.392385,0.844928,0.442704,0.429657,0,0,0,,0,0,0,0.5,0,-1.1427E-17,0.953298,0.953298,0.0467022,0,0,0,0,0.464089,0.489209
"FSA Costs Multiplier 1 Fee Shifting Multiplier 0 Risk Neutral Noise 0.25,0.25","-8.882000000000001E-16","1","DLiabilitySignal4",0.1906,0,0.190639,0.70153,0.99955,0,1,1,,,,,0,,,,,0,0,0,,10.8496,9.00045,10.8496,9.00045,0.149932,0.172286,0.124315,0.296601,0.172286,0.0188384,0,0,0,,0,0,0,0.827489,0,0.00701285,0.99955,0,0.000450002,0.99955,0,0,0,0,0
"FSA Costs Multiplier 1 Fee Shifting Multiplier 0 Risk Neutral Noise 0.25,0.25","-8.882000000000001E-16","1","DLiabilitySignal5",0.2252,0,0.22517,0.896155,1,0,1,1,,,,,0,,,,,0,0,0,,10.85,9,10.85,9,0.15,0.0424558,0.143632,0.186087,0.0424558,0.0215447,0,0,0,,0,0,0,0.957544,0,-0.0420633,1,0,0,1,0,0,0,0,0
"FSA Costs Multiplier 1 Fee Shifting Multiplier 0 Risk Neutral Noise 0.25,0.25","-8.882000000000001E-16","1","MutOptLiability5",0,0,0,,,,,,,,,,,,,,,,,,,,,,,,,,,,,,,,,,,,,,,,,,,,,,,
"FSA Costs Multiplier 1 Fee Shifting Multiplier 0 Risk Neutral Noise 0.25,0.25","-8.882000000000001E-16","1","MutOptLiability4",0,0,0,,,,,,,,,,,,,,,,,,,,,,,,,,,,,,,,,,,,,,,,,,,,,,,
"FSA Costs Multiplier 1 Fee Shifting Multiplier 0 Risk Neutral Noise 0.25,0.25","-8.882000000000001E-16","1","MutOptLiability3",0,0,0,,,,,,,,,,,,,,,,,,,,,,,,,,,,,,,,,,,,,,,,,,,,,,,
"FSA Costs Multiplier 1 Fee Shifting Multiplier 0 Risk Neutral Noise 0.25,0.25","-8.882000000000001E-16","1","MutOptLiability2",0.0003,0,0.000282523,0.501001,1,1,1,1,0.9,0.1,,,0,,,,,0,0,1,0.502503,10.2025,9.1975,10.2025,9.1975,0.6,0.395003,0.285004,0.680007,0.294463,0.260361,0,0,0,,0,0,0,0.501655,0,2,1,1,0,0,0,0,0,0.497497,0.502503
"FSA Costs Multiplier 1 Fee Shifting Multiplier 0 Risk Neutral Noise 0.25,0.25","-8.882000000000001E-16","1","MutOptLiability1",0.0341,0,0.0340739,0.5,0.727865,0.455737,1,1,0.9,0.1,,,0,,,,,0,0,0.455737,0.500013,10.3225,9.36328,10.3225,9.36328,0.314261,0.21501,0.205642,0.420652,0.17914,0.170803,0,0,0,,0,0,0,0.500001,0,1,0.727865,0.455737,0.272135,0.272128,0,0,0,0.227862,0.227874
"FSA Costs Multiplier 1 Fee Shifting Multiplier 0 Risk Neutral Noise 0.25,0.25","-8.882000000000001E-16","1","MutOptLiability0",0.9313,0,0.931285,0.499999,0.581958,0.163918,1,1,0.9,0.1,,,0,,,,,0,0,0.163918,0.5,10.3881,9.45083,10.3881,9.45083,0.161057,0.118704,0.162976,0.28168,0.117446,0.122242,0,0,0,,0,0,0,0.499999,0,0,0.581958,0.163918,0.418042,0.41804,0,0,0,0.0819591,0.0819591
"FSA Costs Multiplier 1 Fee Shifting Multiplier 0 Risk Neutral Noise 0.25,0.25","-8.882000000000001E-16","1","MutOptLiability-1",0.0341,0,0.0340739,0.5,0.499992,0,1,1,,,,,0,,,,,0,0,0,,10.425,9.50001,10.425,9.50001,0.0749988,0.100443,0.160382,0.260825,0.100443,0.10944,0,0,0,,0,0,0,0.499999,0,-1,0.499992,0,0.500008,0.499992,0,0,0,0,0
"FSA Costs Multiplier 1 Fee Shifting Multiplier 0 Risk Neutral Noise 0.25,0.25","-8.882000000000001E-16","1","MutOptLiability-2",0.0003,0,0.000284206,0.50019,0.349549,0,1,1,,,,,0,,,,,0,0,0,,10.2971,9.65045,10.2971,9.65045,0.0524323,0.0592448,0.253555,0.3128,0.0592448,0.216541,0,0,0,,0,0,0,0.500313,0,-2,0.349549,0,0.650451,0.349549,0,0,0,0,0
"FSA Costs Multiplier 1 Fee Shifting Multiplier 0 Risk Neutral Noise 0.25,0.25","-8.882000000000001E-16","1","MutOptLiability-3",0,0,0,,,,,,,,,,,,,,,,,,,,,,,,,,,,,,,,,,,,,,,,,,,,,,,
"FSA Costs Multiplier 1 Fee Shifting Multiplier 0 Risk Neutral Noise 0.25,0.25","-8.882000000000001E-16","1","MutOptLiability-4",0,0,0,,,,,,,,,,,,,,,,,,,,,,,,,,,,,,,,,,,,,,,,,,,,,,,
"FSA Costs Multiplier 1 Fee Shifting Multiplier 0 Risk Neutral Noise 0.25,0.25","-8.882000000000001E-16","1","MutOptLiability-5",0,0,0,,,,,,,,,,,,,,,,,,,,,,,,,,,,,,,,,,,,,,,,,,,,,,,
"FSA Costs Multiplier 1 Fee Shifting Multiplier 0 Risk Neutral Noise 0.25,0.25","-8.882000000000001E-16","1","Truly Liable MutOptLiability5",0,0,0,,,,,,,,,,,,,,,,,,,,,,,,,,,,,,,,,,,,,,,,,,,,,,,
"FSA Costs Multiplier 1 Fee Shifting Multiplier 0 Risk Neutral Noise 0.25,0.25","-8.882000000000001E-16","1","Truly Liable MutOptLiability4",0,0,0,,,,,,,,,,,,,,,,,,,,,,,,,,,,,,,,,,,,,,,,,,,,,,,
"FSA Costs Multiplier 1 Fee Shifting Multiplier 0 Risk Neutral Noise 0.25,0.25","-8.882000000000001E-16","1","Truly Liable MutOptLiability3",0,0,0,,,,,,,,,,,,,,,,,,,,,,,,,,,,,,,,,,,,,,,,,,,,,,,
"FSA Costs Multiplier 1 Fee Shifting Multiplier 0 Risk Neutral Noise 0.25,0.25","-8.882000000000001E-16","1","Truly Liable MutOptLiability2",0.0001,0,0.000141729,0.592755,1,1,1,1,0.9,0.1,,,0,,,,,0,0,1,0.731873,10.4319,8.96813,10.4319,8.96813,0.6,0.219562,0.568127,0.787689,0.0658685,0.519004,0,0,0,,0,0,0,1,0,2,1,1,0,0,0,0,0,0.268127,0.731873
"FSA Costs Multiplier 1 Fee Shifting Multiplier 0 Risk Neutral Noise 0.25,0.25","-8.882000000000001E-16","1","Truly Liable MutOptLiability1",0.017,0,0.017037,0.675177,0.946842,0.455743,1,1,0.9,0.1,,,0,,,,,0,0,0.455743,0.675831,10.5887,9.06417,10.5887,9.06417,0.347111,0.0924016,0.411284,0.503685,0.0277205,0.341605,0,0,0,,0,0,0,1,0,1,0.946842,0.455743,0.0531581,0.491099,0,0,0,0.147738,0.308005
"FSA Costs Multiplier 1 Fee Shifting Multiplier 0 Risk Neutral Noise 0.25,0.25","-8.882000000000001E-16","1","Truly Liable MutOptLiability0",0.4656,0,0.465642,0.719839,0.918265,0.163919,1,1,0.9,0.1,,,0,,,,,0,0,0.163919,0.500426,10.674,9.11445,10.674,9.11445,0.211503,0.0246088,0.325952,0.350561,0.00738263,0.244484,0,0,0,,0,0,0,1,0,0,0.918265,0.163919,0.0817351,0.754346,0,0,0,0.0818894,0.0820292
"FSA Costs Multiplier 1 Fee Shifting Multiplier 0 Risk Neutral Noise 0.25,0.25","-8.882000000000001E-16","1","Truly Liable MutOptLiability-1",0.017,0,0.0170369,0.675177,0.7991,0,1,1,,,,,0,,,,,0,0,0,,10.6792,9.2009,10.6792,9.2009,0.119865,0,0.320765,0.320765,0,0.21888,0,0,0,,0,0,0,1,0,-1,0.7991,0,0.2009,0.7991,0,0,0,0,0
"FSA Costs Multiplier 1 Fee Shifting Multiplier 0 Risk Neutral Noise 0.25,0.25","-8.882000000000001E-16","1","Truly Liable MutOptLiability-2",0.0001,0,0.000142192,0.59243,0.580244,0,1,1,,,,,0,,,,,0,0,0,,10.4932,9.41976,10.4932,9.41976,0.0870366,0,0.506792,0.506792,0,0.432811,0,0,0,,0,0,0,1,0,-2,0.580244,0,0.419756,0.580244,0,0,0,0,0
"FSA Costs Multiplier 1 Fee Shifting Multiplier 0 Risk Neutral Noise 0.25,0.25","-8.882000000000001E-16","1","Truly Liable MutOptLiability-3",0,0,0,,,,,,,,,,,,,,,,,,,,,,,,,,,,,,,,,,,,,,,,,,,,,,,
"FSA Costs Multiplier 1 Fee Shifting Multiplier 0 Risk Neutral Noise 0.25,0.25","-8.882000000000001E-16","1","Truly Liable MutOptLiability-4",0,0,0,,,,,,,,,,,,,,,,,,,,,,,,,,,,,,,,,,,,,,,,,,,,,,,
"FSA Costs Multiplier 1 Fee Shifting Multiplier 0 Risk Neutral Noise 0.25,0.25","-8.882000000000001E-16","1","Truly Liable MutOptLiability-5",0,0,0,,,,,,,,,,,,,,,,,,,,,,,,,,,,,,,,,,,,,,,,,,,,,,,
"FSA Costs Multiplier 1 Fee Shifting Multiplier 0 Risk Neutral Noise 0.25,0.25","-8.882000000000001E-16","1","Truly Not Liable MutOptLiability5",0,0,0,,,,,,,,,,,,,,,,,,,,,,,,,,,,,,,,,,,,,,,,,,,,,,,
"FSA Costs Multiplier 1 Fee Shifting Multiplier 0 Risk Neutral Noise 0.25,0.25","-8.882000000000001E-16","1","Truly Not Liable MutOptLiability4",0,0,0,,,,,,,,,,,,,,,,,,,,,,,,,,,,,,,,,,,,,,,,,,,,,,,
"FSA Costs Multiplier 1 Fee Shifting Multiplier 0 Risk Neutral Noise 0.25,0.25","-8.882000000000001E-16","1","Truly Not Liable MutOptLiability3",0,0,0,,,,,,,,,,,,,,,,,,,,,,,,,,,,,,,,,,,,,,,,,,,,,,,
"FSA Costs Multiplier 1 Fee Shifting Multiplier 0 Risk Neutral Noise 0.25,0.25","-8.882000000000001E-16","1","Truly Not Liable MutOptLiability2",0.0001,0,0.000140794,0.408638,1,1,1,1,0.9,0.1,,,0,,,,,0,0,1,0.27161,9.97161,9.42839,9.97161,9.42839,0.6,0.57161,0,0.57161,0.524576,0,0,0,0,,0,0,0,0,0,2,1,1,0,0,0,0,0,0.72839,0.27161
"FSA Costs Multiplier 1 Fee Shifting Multiplier 0 Risk Neutral Noise 0.25,0.25","-8.882000000000001E-16","1","Truly Not Liable MutOptLiability1",0.017,0,0.0170369,0.324823,0.508887,0.45573,1,1,0.9,0.1,,,0,,,,,0,0,0.45573,0.324189,10.0562,9.66238,10.0562,9.66238,0.281411,0.337619,0,0.337619,0.330561,0,0,0,0,,0,0,0,0,0,1,0.508887,0.45573,0.491113,0.053157,0,0,0,0.307987,0.147743
"FSA Costs Multiplier 1 Fee Shifting Multiplier 0 Risk Neutral Noise 0.25,0.25","-8.882000000000001E-16","1","Truly Not Liable MutOptLiability0",0.4656,0,0.465644,0.28016,0.245652,0.163918,1,1,0.9,0.1,,,0,,,,,0,0,0.163918,0.499574,10.1022,9.7872,10.1022,9.7872,0.110611,0.212799,0,0.212799,0.22751,0,0,0,0,,0,0,0,0,0,0,0.245652,0.163918,0.754348,0.0817345,0,0,0,0.0820288,0.081889
"FSA Costs Multiplier 1 Fee Shifting Multiplier 0 Risk Neutral Noise 0.25,0.25","-8.882000000000001E-16","1","Truly Not Liable MutOptLiability-1",0.017,0,0.017037,0.324823,0.200886,0,1,1,,,,,0,,,,,0,0,0,,10.1708,9.79911,10.1708,9.79911,0.0301328,0.200886,0,0.200886,0.200886,0,0,0,0,,0,0,0,0,0,-1,0.200886,0,0.799114,0.200886,0,0,0,0,0
"FSA Costs Multiplier 1 Fee Shifting Multiplier 0 Risk Neutral Noise 0.25,0.25","-8.882000000000001E-16","1","Truly Not Liable MutOptLiability-2",0.0001,0,0.000142014,0.407833,0.118564,0,1,1,,,,,0,,,,,0,0,0,,10.1008,9.88144,10.1008,9.88144,0.0177846,0.118564,0,0.118564,0.118564,0,0,0,0,,0,0,0,0,0,-2,0.118564,0,0.881436,0.118564,0,0,0,0,0
"FSA Costs Multiplier 1 Fee Shifting Multiplier 0 Risk Neutral Noise 0.25,0.25","-8.882000000000001E-16","1","Truly Not Liable MutOptLiability-3",0,0,0,,,,,,,,,,,,,,,,,,,,,,,,,,,,,,,,,,,,,,,,,,,,,,,
"FSA Costs Multiplier 1 Fee Shifting Multiplier 0 Risk Neutral Noise 0.25,0.25","-8.882000000000001E-16","1","Truly Not Liable MutOptLiability-4",0,0,0,,,,,,,,,,,,,,,,,,,,,,,,,,,,,,,,,,,,,,,,,,,,,,,
"FSA Costs Multiplier 1 Fee Shifting Multiplier 0 Risk Neutral Noise 0.25,0.25","-8.882000000000001E-16","1","Truly Not Liable MutOptLiability-5",0,0,0,,,,,,,,,,,,,,,,,,,,,,,,,,,,,,,,,,,,,,,,,,,,,,,
"FSA Costs Multiplier 1 Fee Shifting Multiplier 0 Risk Neutral Noise 0.25,0.25","-8.882000000000001E-16","1","High Quality",0,0,0,,,,,,,,,,,,,,,,,,,,,,,,,,,,,,,,,,,,,,,,,,,,,,,
"FSA Costs Multiplier 1 Fee Shifting Multiplier 0 Risk Neutral Noise 0.25,0.25","-8.882000000000001E-16","1","High Quality Liable MutOptLiability5",0,0,0,,,,,,,,,,,,,,,,,,,,,,,,,,,,,,,,,,,,,,,,,,,,,,,
"FSA Costs Multiplier 1 Fee Shifting Multiplier 0 Risk Neutral Noise 0.25,0.25","-8.882000000000001E-16","1","High Quality Liable MutOptLiability4",0,0,0,,,,,,,,,,,,,,,,,,,,,,,,,,,,,,,,,,,,,,,,,,,,,,,
"FSA Costs Multiplier 1 Fee Shifting Multiplier 0 Risk Neutral Noise 0.25,0.25","-8.882000000000001E-16","1","High Quality Liable MutOptLiability3",0,0,0,,,,,,,,,,,,,,,,,,,,,,,,,,,,,,,,,,,,,,,,,,,,,,,
"FSA Costs Multiplier 1 Fee Shifting Multiplier 0 Risk Neutral Noise 0.25,0.25","-8.882000000000001E-16","1","High Quality Liable MutOptLiability2",0,0,0,,,,,,,,,,,,,,,,,,,,,,,,,,,,,,,,,,,,,,,,,,,,,,,
"FSA Costs Multiplier 1 Fee Shifting Multiplier 0 Risk Neutral Noise 0.25,0.25","-8.882000000000001E-16","1","High Quality Liable MutOptLiability1",0,0,0,,,,,,,,,,,,,,,,,,,,,,,,,,,,,,,,,,,,,,,,,,,,,,,
"FSA Costs Multiplier 1 Fee Shifting Multiplier 0 Risk Neutral Noise 0.25,0.25","-8.882000000000001E-16","1","High Quality Liable MutOptLiability0",0,0,0,,,,,,,,,,,,,,,,,,,,,,,,,,,,,,,,,,,,,,,,,,,,,,,
"FSA Costs Multiplier 1 Fee Shifting Multiplier 0 Risk Neutral Noise 0.25,0.25","-8.882000000000001E-16","1","High Quality Liable MutOptLiability-1",0,0,0,,,,,,,,,,,,,,,,,,,,,,,,,,,,,,,,,,,,,,,,,,,,,,,
"FSA Costs Multiplier 1 Fee Shifting Multiplier 0 Risk Neutral Noise 0.25,0.25","-8.882000000000001E-16","1","High Quality Liable MutOptLiability-2",0,0,0,,,,,,,,,,,,,,,,,,,,,,,,,,,,,,,,,,,,,,,,,,,,,,,
"FSA Costs Multiplier 1 Fee Shifting Multiplier 0 Risk Neutral Noise 0.25,0.25","-8.882000000000001E-16","1","High Quality Liable MutOptLiability-3",0,0,0,,,,,,,,,,,,,,,,,,,,,,,,,,,,,,,,,,,,,,,,,,,,,,,
"FSA Costs Multiplier 1 Fee Shifting Multiplier 0 Risk Neutral Noise 0.25,0.25","-8.882000000000001E-16","1","High Quality Liable MutOptLiability-4",0,0,0,,,,,,,,,,,,,,,,,,,,,,,,,,,,,,,,,,,,,,,,,,,,,,,
"FSA Costs Multiplier 1 Fee Shifting Multiplier 0 Risk Neutral Noise 0.25,0.25","-8.882000000000001E-16","1","High Quality Liable MutOptLiability-5",0,0,0,,,,,,,,,,,,,,,,,,,,,,,,,,,,,,,,,,,,,,,,,,,,,,,
"FSA Costs Multiplier 1 Fee Shifting Multiplier 0 Risk Neutral Noise 0.25,0.25","-8.882000000000001E-16","1","PLiabilitySignal 1",0.2252,0,0.225172,0.103845,0,0,1,1,,,,,0,,,,,0,0,0,,10,10,10,10,0,0,0.0424556,0.0424556,0,0.0424556,0,0,0,,0,0,0,0.0424556,0,-0.0420596,0,0,1,0,0,0,0,0,0
"FSA Costs Multiplier 1 Fee Shifting Multiplier 0 Risk Neutral Noise 0.25,0.25","-8.882000000000001E-16","1","PLiabilitySignal 2",0.1906,0,0.19064,0.29847,0,0,1,1,,,,,0,,,,,0,0,0,,10,10,10,10,0,0,0.172512,0.172512,0,0.172512,0,0,0,,0,0,0,0.172512,0,0.00701,0,0,1,0,0,0,0,0,0
"FSA Costs Multiplier 1 Fee Shifting Multiplier 0 Risk Neutral Noise 0.25,0.25","-8.882000000000001E-16","1","PLiabilitySignal 3",0.1684,0,0.16838,0.500002,1,0.9533,1,1,0.9,0.1,,,0,,,,,0,0,0.9533,0.486831,10.2178,9.20321,10.2178,9.20321,0.578985,0.462059,0.381363,0.843422,0.450562,0.42064,0,0,0,,0,0,0,0.500003,0,-2E-05,1,0.9533,0,0.0467,0,0,0,0.489204,0.464096
"FSA Costs Multiplier 1 Fee Shifting Multiplier 0 Risk Neutral Noise 0.25,0.25","-8.882000000000001E-16","1","PLiabilitySignal 4",0.1906,0,0.19064,0.70153,1,0.04118,1,1,0.9,0.1,,,0,,,,,0,0,0.04118,0.763077,10.8341,8.9974,10.8341,8.9974,0.168531,0.178524,0.133164,0.311688,0.176031,0.0282973,0,0,0,,0,0,0,0.827488,0,-0.00701,1,0.04118,0,0.95882,0,0,0,0.00975649,0.0314235
"FSA Costs Multiplier 1 Fee Shifting Multiplier 0 Risk Neutral Noise 0.25,0.25","-8.882000000000001E-16","1","PLiabilitySignal 5",0.2252,0,0.225169,0.896155,1,0.00044,1,1,0.9,0.1,,,0,,,,,0,0,0.00044,0.999968,10.8499,8.99987,10.8499,8.99987,0.150198,0.0425876,0.143686,0.186274,0.0425399,0.0215694,0,0,0,,0,0,0,0.957544,0,0.04206,1,0.00044,0,0.99956,0,0,0,1.42952E-8,0.00044
"FSA Costs Multiplier 1 Fee Shifting Multiplier 0 Risk Neutral Noise 0.25,0.25","-8.882000000000001E-16","1","DLiabilitySignal 1",0.2252,0,0.225171,0.103843,0.0004337,0.000433716,1,1,0.9,0.1,,,0,,,,,0,0,0.000434,3.24891E-5,9.99987,9.99987,9.99987,9.99987,0.00026023,0.0001081,0.0424769,0.0425849,3.24373E-05,0.0425055,0,0,0,,0,0,0,0.0424548,0,0.0420483,0.00043372,0.000433716,0.999566,0,0,0,0,0.0004337,1.4091E-8
"FSA Costs Multiplier 1 Fee Shifting Multiplier 0 Risk Neutral Noise 0.25,0.25","-8.882000000000001E-16","1","DLiabilitySignal 2",0.1906,0,0.190639,0.29847,0.0411762,0.0411762,1,1,0.9,0.1,,,0,,,,,0,0,0.041176,0.236923,9.9974,9.97789,9.9974,9.97789,0.0247057,0.014666,0.171662,0.186328,0.0107412,0.173972,0,0,0,,0,0,0,0.172511,0,-0.00701285,0.0411762,0.0411762,0.958824,0,0,0,0,0.0314206,0.0097556
"FSA Costs Multiplier 1 Fee Shifting Multiplier 0 Risk Neutral Noise 0.25,0.25","-8.882000000000001E-16","1","DLiabilitySignal 3",0.1684,0,0.168382,0.5,0.953298,0.953298,1,1,0.9,0.1,,,0,,,,,0,0,0.953298,0.513175,10.2032,9.2248,10.2032,9.2248,0.571979,0.452542,0.392385,0.844928,0.442704,0.429657,0,0,0,,0,0,0,0.5,0,-1.1427E-17,0.953298,0.953298,0.0467022,0,0,0,0,0.464089,0.489209
"FSA Costs Multiplier 1 Fee Shifting Multiplier 0 Risk Neutral Noise 0.25,0.25","-8.882000000000001E-16","1","DLiabilitySignal 4",0.1906,0,0.190639,0.70153,0.99955,0,1,1,,,,,0,,,,,0,0,0,,10.8496,9.00045,10.8496,9.00045,0.149932,0.172286,0.124315,0.296601,0.172286,0.0188384,0,0,0,,0,0,0,0.827489,0,0.00701285,0.99955,0,0.000450002,0.99955,0,0,0,0,0
"FSA Costs Multiplier 1 Fee Shifting Multiplier 0 Risk Neutral Noise 0.25,0.25","-8.882000000000001E-16","1","DLiabilitySignal 5",0.2252,0,0.22517,0.896155,1,0,1,1,,,,,0,,,,,0,0,0,,10.85,9,10.85,9,0.15,0.0424558,0.143632,0.186087,0.0424558,0.0215447,0,0,0,,0,0,0,0.957544,0,-0.0420633,1,0,0,1,0,0,0,0,0
"FSA Costs Multiplier 1 Fee Shifting Multiplier 0 Risk Neutral Noise 0.25,0.25","-8.882000000000001E-16","1","PDoesntFile",0.4158,0,0.415811,0.193076,0,0,1,1,,,,,0,,,,,0,0,0,,10,10,10,10,0,0,0.102083,0.102083,0,0.102083,0,0,0,,0,0,0,0.102083,0,-0.0195623,0,0,1,0,0,0,0,0,0
"FSA Costs Multiplier 1 Fee Shifting Multiplier 0 Risk Neutral Noise 0.25,0.25","-8.882000000000001E-16","1","P Files",0.5842,0,0.584189,0.71846,1,0.288376,1,1,0.9,0.1,,,0,,,,,0,0,0.288376,0.500005,10.6626,9.05767,10.6626,9.05767,0.279769,0.207852,0.208758,0.416609,0.203706,0.138788,0,0,0,,0,0,0,0.783227,0,0.0139182,1,0.288376,0,0.711624,0,0,0,0.144186,0.144189
"FSA Costs Multiplier 1 Fee Shifting Multiplier 0 Risk Neutral Noise 0.25,0.25","-8.882000000000001E-16","1","DDoesntAnswer",0.4157,0,0.415723,0.806987,1,0,1,1,,,,,0,,,,,0,0,0,,10.85,9,10.85,9,0.15,0.102001,0.1347,0.236701,0.102001,0.020205,0,0,0,,0,0,0,0.897999,0,-0.0191544,1,0,0,1,0,0,0,0,0
"FSA Costs Multiplier 1 Fee Shifting Multiplier 0 Risk Neutral Noise 0.25,0.25","-8.882000000000001E-16","1","D Answers",0.1685,0,0.168466,0.500002,1,1,1,1,0.9,0.1,,,0,,,,,0,0,1,0.500005,10.2,9.19999,10.2,9.19999,0.6,0.469059,0.391511,0.860569,0.454682,0.431416,0,0,0,,0,0,0,0.500004,0,0.0955314,1,1,0,0,0,0,0,0.499995,0.500005
"FSA Costs Multiplier 1 Fee Shifting Multiplier 0 Risk Neutral Noise 0.25,0.25","-8.882000000000001E-16","1","Settles1",0,0,0,,,,,,,,,,,,,,,,,,,,,,,,,,,,,,,,,,,,,,,,,,,,,,,
"FSA Costs Multiplier 1 Fee Shifting Multiplier 0 Risk Neutral Noise 0.25,0.25","-8.882000000000001E-16","1","DoesntSettle1",0.1685,0,0.168466,0.500002,1,1,1,1,0.9,0.1,,,0,,,,,0,0,1,0.500005,10.2,9.19999,10.2,9.19999,0.6,0.469059,0.391511,0.860569,0.454682,0.431416,0,0,0,,0,0,0,0.500004,0,0.0955314,1,1,0,0,0,0,0,0.499995,0.500005
"FSA Costs Multiplier 1 Fee Shifting Multiplier 0 Risk Neutral Noise 0.25,0.25","-8.882000000000001E-16","1","PAbandons1",0,0,0,,,,,,,,,,,,,,,,,,,,,,,,,,,,,,,,,,,,,,,,,,,,,,,
"FSA Costs Multiplier 1 Fee Shifting Multiplier 0 Risk Neutral Noise 0.25,0.25","-8.882000000000001E-16","1","PDoesntAbandon1",0.1685,0,0.168466,0.500002,1,1,1,1,0.9,0.1,,,0,,,,,0,0,1,0.500005,10.2,9.19999,10.2,9.19999,0.6,0.469059,0.391511,0.860569,0.454682,0.431416,0,0,0,,0,0,0,0.500004,0,0.0955314,1,1,0,0,0,0,0,0.499995,0.500005
"FSA Costs Multiplier 1 Fee Shifting Multiplier 0 Risk Neutral Noise 0.25,0.25","-8.882000000000001E-16","1","DDefaults1",0,0,0,,,,,,,,,,,,,,,,,,,,,,,,,,,,,,,,,,,,,,,,,,,,,,,
"FSA Costs Multiplier 1 Fee Shifting Multiplier 0 Risk Neutral Noise 0.25,0.25","-8.882000000000001E-16","1","DDoesntDefault1",0.1685,0,0.168466,0.500002,1,1,1,1,0.9,0.1,,,0,,,,,0,0,1,0.500005,10.2,9.19999,10.2,9.19999,0.6,0.469059,0.391511,0.860569,0.454682,0.431416,0,0,0,,0,0,0,0.500004,0,0.0955314,1,1,0,0,0,0,0,0.499995,0.500005
"FSA Costs Multiplier 1 Fee Shifting Multiplier 0 Risk Neutral Noise 0.25,0.25","-8.882000000000001E-16","1","POrDQuits1",0,0,0,,,,,,,,,,,,,,,,,,,,,,,,,,,,,,,,,,,,,,,,,,,,,,,
"FSA Costs Multiplier 1 Fee Shifting Multiplier 0 Risk Neutral Noise 0.25,0.25","-8.882000000000001E-16","1","P Loses",0.0842,0,0.084232,0.489728,1,1,1,1,0.9,0.1,,,0,,,,,0,0,1,0,9.7,9.7,9.7,9.7,0.6,0.155093,0.627932,0.783024,0.0465278,0.816311,0,0,0,,0,0,0,0.483024,0,0.0955132,1,1,0,0,0,0,0,1,0
"FSA Costs Multiplier 1 Fee Shifting Multiplier 0 Risk Neutral Noise 0.25,0.25","-8.882000000000001E-16","1","P Wins",0.0842,0,0.0842339,0.510276,1,1,1,1,0.9,0.1,,,0,,,,,0,0,1,1,10.7,8.7,10.7,8.7,0.6,0.783018,0.155095,0.938112,0.862828,0.0465284,0,0,0,,0,0,0,0.516982,0,0.0955495,1,1,0,0,0,0,0,0,1
