"GroupName","OptionSet","Exploit","Refine","Seconds","Filter","All","PQuits","DQuits","Settles","Trial","Shifting","ShiftingOccursIfTrial","ShiftingValueIfTrial","PQuits","DQuits","POffer","DOffer","DMSAcc","DMSAccL1","DMSTrialRelAccL1","AccSq","Accuracy","Accuracy_ForPlaintiff","Accuracy_ForDefendant","TrialRelativeAccSq","TrialRelativeAccuracy","TrialRelativeAccuracy_ForPlaintiff","TrialRelativeAccuracy_ForDefendant","SettlementOrJudgment","DsProportionOfCost","DsProportionOfCostIfTrial","TrialValuePreShiftingIfOccurs","TrialValueWithShiftingIfOccurs","PTrialEffect_IfOccurs","DTrialEffect_IfOccurs","ResolutionValueIncludingShiftedAmount","SettlementValue","PWealth","DWealth","PWelfare","DWelfare","PQuality","DQuality","NQuality","QualitySum","PBestGuess","DBestGuess","QualitySum_PInfo","QualitySum_DInfo","PBias","DBias","NBias","BiasSum","BiasSum_PInfo","BiasSum_DInfo","Quality","Alpha_Quality","Alpha_Both_Quality","Alpha_Plaintiff_Quality","Alpha_Defendant_Quality","Alpha_Plaintiff_Bias","Alpha_Defendant_Bias","Evidence_Both_Quality","TrialCost","FeeShifting","FSMargin","FeeShiftingThreshold"
"wtaesq","wtaesq;q0.167;c0.125;t0.4000","-3.261E-16","1","21","All",1,0,0,0.8,0.2,0,0,0,0,0,0.15,0.05,0.0058778,0.0766667,0.03,0.049778,0.16,0.16625,0.15375,0.011,0.049,0.0615,0.0615,0.09,0.5,0.5,0.06,0.06,-0.0025,0.8775,0.09,0.05,0.0775,0.8975,0.0775,0.8975,-0.05,-0.05,-0.5,0.166667,0.333333,0.333333,0.166667,0.166667,0.5,0.5,0.5,0.5,0.5,0.5,0.166667,0.5,1,0,0,0.5,0.5,0.166667,0.125,1,0,0.4
"wtaesq","wtaesq;q0.167;c0.125;t0.4000","-3.261E-16","1","21","PBias1",0.1,0,0,1,0,0,0,0,0,0,0.05,0.05,0.0136111,0.116667,0.05,0.013611,0.116667,0.116667,0.116667,0.0025,0.05,0.05,0.05,0.05,0.5,0.5,0,0,-0.0625,0.9375,0.05,0.05,0.05,0.95,0.05,0.95,-0.05,-0.05,-0.5,0.166667,0.220833,0.333333,0.166667,0.166667,0.05,0.5,0.5,0.275,0.05,0.5,0.166667,0.5,1,0,0,0.5,0.5,0.166667,0.125,1,0,0.4
"wtaesq","wtaesq;q0.167;c0.125;t0.4000","-3.261E-16","1","21","PBias2",0.1,0,0,1,0,0,0,0,0,0,0.05,0.05,0.0136111,0.116667,0.05,0.013611,0.116667,0.116667,0.116667,0.0025,0.05,0.05,0.05,0.05,0.5,0.5,0,0,-0.0625,0.9375,0.05,0.05,0.05,0.95,0.05,0.95,-0.05,-0.05,-0.5,0.166667,0.245833,0.333333,0.166667,0.166667,0.15,0.5,0.5,0.325,0.15,0.5,0.166667,0.5,1,0,0,0.5,0.5,0.166667,0.125,1,0,0.4
"wtaesq","wtaesq;q0.167;c0.125;t0.4000","-3.261E-16","1","21","PBias3",0.1,0,0,1,0,0,0,0,0,0,0.05,0.05,0.0136111,0.116667,0.05,0.013611,0.116667,0.116667,0.116667,0.0025,0.05,0.05,0.05,0.05,0.5,0.5,0,0,-0.0625,0.9375,0.05,0.05,0.05,0.95,0.05,0.95,-0.05,-0.05,-0.5,0.166667,0.270833,0.333333,0.166667,0.166667,0.25,0.5,0.5,0.375,0.25,0.5,0.166667,0.5,1,0,0,0.5,0.5,0.166667,0.125,1,0,0.4
"wtaesq","wtaesq;q0.167;c0.125;t0.4000","-3.261E-16","1","21","PBias4",0.1,0,0,1,0,0,0,0,0,0,0.05,0.05,0.0136111,0.116667,0.05,0.013611,0.116667,0.116667,0.116667,0.0025,0.05,0.05,0.05,0.05,0.5,0.5,0,0,-0.0625,0.9375,0.05,0.05,0.05,0.95,0.05,0.95,-0.05,-0.05,-0.5,0.166667,0.295833,0.333333,0.166667,0.166667,0.35,0.5,0.5,0.425,0.35,0.5,0.166667,0.5,1,0,0,0.5,0.5,0.166667,0.125,1,0,0.4
"wtaesq","wtaesq;q0.167;c0.125;t0.4000","-3.261E-16","1","21","PBias5",0.1,0,0,1,0,0,0,0,0,0,0.05,0.05,0.0136111,0.116667,0.05,0.013611,0.116667,0.116667,0.116667,0.0025,0.05,0.05,0.05,0.05,0.5,0.5,0,0,-0.0625,0.9375,0.05,0.05,0.05,0.95,0.05,0.95,-0.05,-0.05,-0.5,0.166667,0.320833,0.333333,0.166667,0.166667,0.45,0.5,0.5,0.475,0.45,0.5,0.166667,0.5,1,0,0,0.5,0.5,0.166667,0.125,1,0,0.4
"wtaesq","wtaesq;q0.167;c0.125;t0.4000","-3.261E-16","1","21","PBias6",0.1,0,0,1,0,0,0,0,0,0,0.05,0.05,0.0136111,0.116667,0.05,0.013611,0.116667,0.116667,0.116667,0.0025,0.05,0.05,0.05,0.05,0.5,0.5,0,0,-0.0625,0.9375,0.05,0.05,0.05,0.95,0.05,0.95,-0.05,-0.05,-0.5,0.166667,0.345833,0.333333,0.166667,0.166667,0.55,0.5,0.5,0.525,0.55,0.5,0.166667,0.5,1,0,0,0.5,0.5,0.166667,0.125,1,0,0.4
"wtaesq","wtaesq;q0.167;c0.125;t0.4000","-3.261E-16","1","21","PBias7",0.1,0,0,1,0,0,0,0,0,0,0.05,0.05,0.0136111,0.116667,0.05,0.013611,0.116667,0.116667,0.116667,0.0025,0.05,0.05,0.05,0.05,0.5,0.5,0,0,-0.0625,0.9375,0.05,0.05,0.05,0.95,0.05,0.95,-0.05,-0.05,-0.5,0.166667,0.370833,0.333333,0.166667,0.166667,0.65,0.5,0.5,0.575,0.65,0.5,0.166667,0.5,1,0,0,0.5,0.5,0.166667,0.125,1,0,0.4
"wtaesq","wtaesq;q0.167;c0.125;t0.4000","-3.261E-16","1","21","PBias8",0.1,0,0,1,0,0,0,0,0,0,0.05,0.05,0.0136111,0.116667,0.05,0.013611,0.116667,0.116667,0.116667,0.0925,0.14,0.14,0.14,0.05,0.5,0.5,0.1,0.1,0.0375,0.8375,0.05,0.05,0.05,0.95,0.05,0.95,-0.05,-0.05,-0.5,0.166667,0.395833,0.333333,0.166667,0.166667,0.75,0.5,0.5,0.625,0.75,0.5,0.166667,0.5,1,0,0,0.5,0.5,0.166667,0.125,1,0,0.4
"wtaesq","wtaesq;q0.167;c0.125;t0.4000","-3.261E-16","1","21","PBias9",0.1,0,0,0,1,0,0,0,0,0,0.55,0.05,0.0011111,0.0333333,0,0.161111,0.3,0.3375,0.2625,0,0,0.0625,0.0625,0.2,0.5,0.5,0.2,0.2,0.1375,0.7375,0.2,,0.1375,0.7375,0.1375,0.7375,-0.05,-0.05,-0.5,0.166667,0.420833,0.333333,0.166667,0.166667,0.85,0.5,0.5,0.675,0.85,0.5,0.166667,0.5,1,0,0,0.5,0.5,0.166667,0.125,1,0,0.4
"wtaesq","wtaesq;q0.167;c0.125;t0.4000","-3.261E-16","1","21","PBias10",0.1,0,0,0,1,0,0,0,0,0,0.55,0.05,0.0177778,0.133333,0,0.227778,0.366667,0.391667,0.341667,0,0,0.0625,0.0625,0.3,0.5,0.5,0.3,0.3,0.2375,0.6375,0.3,,0.2375,0.6375,0.2375,0.6375,-0.05,-0.05,-0.5,0.166667,0.445833,0.333333,0.166667,0.166667,0.95,0.5,0.5,0.725,0.95,0.5,0.166667,0.5,1,0,0,0.5,0.5,0.166667,0.125,1,0,0.4
"wtaesq","wtaesq;q0.167;c0.125;t0.4000","-3.261E-16","1","21","DBias1",0.1,0,0,0.8,0.2,0,0,0,0,0,0.15,0.05,0.0160444,0.126667,0.04,0.016444,0.126667,0.139167,0.114167,0.002,0.04,0.0525,0.0525,0.04,0.5,0.5,0,0,-0.0625,0.9375,0.04,0.05,0.0275,0.9475,0.0275,0.9475,-0.05,-0.05,-0.5,0.166667,0.333333,0.220833,0.166667,0.166667,0.5,0.05,0.5,0.275,0.5,0.05,0.166667,0.5,1,0,0,0.5,0.5,0.166667,0.125,1,0,0.4
"wtaesq","wtaesq;q0.167;c0.125;t0.4000","-3.261E-16","1","21","DBias2",0.1,0,0,0.8,0.2,0,0,0,0,0,0.15,0.05,0.0160444,0.126667,0.04,0.016444,0.126667,0.139167,0.114167,0.002,0.04,0.0525,0.0525,0.04,0.5,0.5,0,0,-0.0625,0.9375,0.04,0.05,0.0275,0.9475,0.0275,0.9475,-0.05,-0.05,-0.5,0.166667,0.333333,0.245833,0.166667,0.166667,0.5,0.15,0.5,0.325,0.5,0.15,0.166667,0.5,1,0,0,0.5,0.5,0.166667,0.125,1,0,0.4
"wtaesq","wtaesq;q0.167;c0.125;t0.4000","-3.261E-16","1","21","DBias3",0.1,0,0,0.8,0.2,0,0,0,0,0,0.15,0.05,0.0160444,0.126667,0.04,0.016444,0.126667,0.139167,0.114167,0.002,0.04,0.0525,0.0525,0.04,0.5,0.5,0,0,-0.0625,0.9375,0.04,0.05,0.0275,0.9475,0.0275,0.9475,-0.05,-0.05,-0.5,0.166667,0.333333,0.270833,0.166667,0.166667,0.5,0.25,0.5,0.375,0.5,0.25,0.166667,0.5,1,0,0,0.5,0.5,0.166667,0.125,1,0,0.4
"wtaesq","wtaesq;q0.167;c0.125;t0.4000","-3.261E-16","1","21","DBias4",0.1,0,0,0.8,0.2,0,0,0,0,0,0.15,0.05,0.0160444,0.126667,0.04,0.016444,0.126667,0.139167,0.114167,0.002,0.04,0.0525,0.0525,0.04,0.5,0.5,0,0,-0.0625,0.9375,0.04,0.05,0.0275,0.9475,0.0275,0.9475,-0.05,-0.05,-0.5,0.166667,0.333333,0.295833,0.166667,0.166667,0.5,0.35,0.5,0.425,0.5,0.35,0.166667,0.5,1,0,0,0.5,0.5,0.166667,0.125,1,0,0.4
"wtaesq","wtaesq;q0.167;c0.125;t0.4000","-3.261E-16","1","21","DBias5",0.1,0,0,0.8,0.2,0,0,0,0,0,0.15,0.05,0.0160444,0.126667,0.04,0.016444,0.126667,0.139167,0.114167,0.002,0.04,0.0525,0.0525,0.04,0.5,0.5,0,0,-0.0625,0.9375,0.04,0.05,0.0275,0.9475,0.0275,0.9475,-0.05,-0.05,-0.5,0.166667,0.333333,0.320833,0.166667,0.166667,0.5,0.45,0.5,0.475,0.5,0.45,0.166667,0.5,1,0,0,0.5,0.5,0.166667,0.125,1,0,0.4
"wtaesq","wtaesq;q0.167;c0.125;t0.4000","-3.261E-16","1","21","DBias6",0.1,0,0,0.8,0.2,0,0,0,0,0,0.15,0.05,0.0160444,0.126667,0.04,0.016444,0.126667,0.139167,0.114167,0.002,0.04,0.0525,0.0525,0.04,0.5,0.5,0,0,-0.0625,0.9375,0.04,0.05,0.0275,0.9475,0.0275,0.9475,-0.05,-0.05,-0.5,0.166667,0.333333,0.345833,0.166667,0.166667,0.5,0.55,0.5,0.525,0.5,0.55,0.166667,0.5,1,0,0,0.5,0.5,0.166667,0.125,1,0,0.4
"wtaesq","wtaesq;q0.167;c0.125;t0.4000","-3.261E-16","1","21","DBias7",0.1,0,0,0.8,0.2,0,0,0,0,0,0.15,0.05,0.0160444,0.126667,0.04,0.016444,0.126667,0.139167,0.114167,0.002,0.04,0.0525,0.0525,0.04,0.5,0.5,0,0,-0.0625,0.9375,0.04,0.05,0.0275,0.9475,0.0275,0.9475,-0.05,-0.05,-0.5,0.166667,0.333333,0.370833,0.166667,0.166667,0.5,0.65,0.5,0.575,0.5,0.65,0.166667,0.5,1,0,0,0.5,0.5,0.166667,0.125,1,0,0.4
"wtaesq","wtaesq;q0.167;c0.125;t0.4000","-3.261E-16","1","21","DBias8",0.1,0,0,0.8,0.2,0,0,0,0,0,0.15,0.05,0.0007111,0.0266667,0.04,0.083111,0.193333,0.193333,0.193333,0.002,0.04,0.0525,0.0525,0.14,0.5,0.5,0.1,0.1,0.0375,0.8375,0.14,0.05,0.1275,0.8475,0.1275,0.8475,-0.05,-0.05,-0.5,0.166667,0.333333,0.395833,0.166667,0.166667,0.5,0.75,0.5,0.625,0.5,0.75,0.166667,0.5,1,0,0,0.5,0.5,0.166667,0.125,1,0,0.4
"wtaesq","wtaesq;q0.167;c0.125;t0.4000","-3.261E-16","1","21","DBias9",0.1,0,0,0.8,0.2,0,0,0,0,0,0.15,0.05,0.0053778,0.0733333,0.04,0.149778,0.26,0.2475,0.2725,0.002,0.04,0.0525,0.0525,0.24,0.5,0.5,0.2,0.2,0.1375,0.7375,0.24,0.05,0.2275,0.7475,0.2275,0.7475,-0.05,-0.05,-0.5,0.166667,0.333333,0.420833,0.166667,0.166667,0.5,0.85,0.5,0.675,0.5,0.85,0.166667,0.5,1,0,0,0.5,0.5,0.166667,0.125,1,0,0.4
"wtaesq","wtaesq;q0.167;c0.125;t0.4000","-3.261E-16","1","21","DBias10",0.1,0,0,0.8,0.2,0,0,0,0,0,0.15,0.05,0.0053778,0.0733333,0.06,0.149778,0.26,0.2475,0.2725,0.092,0.13,0.1425,0.1425,0.24,0.5,0.5,0.3,0.3,0.2375,0.6375,0.24,0.05,0.2275,0.7475,0.2275,0.7475,-0.05,-0.05,-0.5,0.166667,0.333333,0.445833,0.166667,0.166667,0.5,0.95,0.5,0.725,0.5,0.95,0.166667,0.5,1,0,0,0.5,0.5,0.166667,0.125,1,0,0.4
"wtaesq","wtaesq;q0.167;c0.125;t0.4000","-3.261E-16","1","21","POffer1",0,,,,,,,,,,,,,,,,,,,,,,,,,,,,,,,,,,,,,,,,,,,,,,,,,,,,,,,,,,,,,
"wtaesq","wtaesq;q0.167;c0.125;t0.4000","-3.261E-16","1","21","POffer2",0.8,0,0,1,0,0,0,0,0,0,0.05,0.05,0.0136111,0.116667,0.0375,0.013611,0.116667,0.116667,0.116667,0.01375,0.06125,0.06125,0.06125,0.05,0.5,0.5,0.0125,0.0125,-0.05,0.925,0.05,0.05,0.05,0.95,0.05,0.95,-0.05,-0.05,-0.5,0.166667,0.308333,0.333333,0.166667,0.166667,0.4,0.5,0.5,0.45,0.4,0.5,0.166667,0.5,1,0,0,0.5,0.5,0.166667,0.125,1,0,0.4
"wtaesq","wtaesq;q0.167;c0.125;t0.4000","-3.261E-16","1","21","POffer3",0,,,,,,,,,,,,,,,,,,,,,,,,,,,,,,,,,,,,,,,,,,,,,,,,,,,,,,,,,,,,,
"wtaesq","wtaesq;q0.167;c0.125;t0.4000","-3.261E-16","1","21","POffer4",0,,,,,,,,,,,,,,,,,,,,,,,,,,,,,,,,,,,,,,,,,,,,,,,,,,,,,,,,,,,,,
"wtaesq","wtaesq;q0.167;c0.125;t0.4000","-3.261E-16","1","21","POffer5",0,,,,,,,,,,,,,,,,,,,,,,,,,,,,,,,,,,,,,,,,,,,,,,,,,,,,,,,,,,,,,
"wtaesq","wtaesq;q0.167;c0.125;t0.4000","-3.261E-16","1","21","POffer6",0,,,,,,,,,,,,,,,,,,,,,,,,,,,,,,,,,,,,,,,,,,,,,,,,,,,,,,,,,,,,,
"wtaesq","wtaesq;q0.167;c0.125;t0.4000","-3.261E-16","1","21","POffer7",0.2,0,0,0,1,0,0,0,0,0,0.55,0.05,0.0069444,0.0833333,0,0.194444,0.333333,0.364583,0.302083,0,0,0.0625,0.0625,0.25,0.5,0.5,0.25,0.25,0.1875,0.6875,0.25,,0.1875,0.6875,0.1875,0.6875,-0.05,-0.05,-0.5,0.166667,0.433333,0.333333,0.166667,0.166667,0.9,0.5,0.5,0.7,0.9,0.5,0.166667,0.5,1,0,0,0.5,0.5,0.166667,0.125,1,0,0.4
"wtaesq","wtaesq;q0.167;c0.125;t0.4000","-3.261E-16","1","21","POffer8",0,,,,,,,,,,,,,,,,,,,,,,,,,,,,,,,,,,,,,,,,,,,,,,,,,,,,,,,,,,,,,
"wtaesq","wtaesq;q0.167;c0.125;t0.4000","-3.261E-16","1","21","POffer9",0,,,,,,,,,,,,,,,,,,,,,,,,,,,,,,,,,,,,,,,,,,,,,,,,,,,,,,,,,,,,,
"wtaesq","wtaesq;q0.167;c0.125;t0.4000","-3.261E-16","1","21","POffer10",0,,,,,,,,,,,,,,,,,,,,,,,,,,,,,,,,,,,,,,,,,,,,,,,,,,,,,,,,,,,,,
"wtaesq","wtaesq;q0.167;c0.125;t0.4000","-3.261E-16","1","21","POffer11",0,,,,,,,,,,,,,,,,,,,,,,,,,,,,,,,,,,,,,,,,,,,,,,,,,,,,,,,,,,,,,
"wtaesq","wtaesq;q0.167;c0.125;t0.4000","-3.261E-16","1","21","POffer12",0,,,,,,,,,,,,,,,,,,,,,,,,,,,,,,,,,,,,,,,,,,,,,,,,,,,,,,,,,,,,,
"wtaesq","wtaesq;q0.167;c0.125;t0.4000","-3.261E-16","1","21","DOffer1",0,,,,,,,,,,,,,,,,,,,,,,,,,,,,,,,,,,,,,,,,,,,,,,,,,,,,,,,,,,,,,
"wtaesq","wtaesq;q0.167;c0.125;t0.4000","-3.261E-16","1","21","DOffer2",1,0,0,0.8,0.2,0,0,0,0,0,0.15,0.05,0.0058778,0.0766667,0.03,0.049778,0.16,0.16625,0.15375,0.011,0.049,0.0615,0.0615,0.09,0.5,0.5,0.06,0.06,-0.0025,0.8775,0.09,0.05,0.0775,0.8975,0.0775,0.8975,-0.05,-0.05,-0.5,0.166667,0.333333,0.333333,0.166667,0.166667,0.5,0.5,0.5,0.5,0.5,0.5,0.166667,0.5,1,0,0,0.5,0.5,0.166667,0.125,1,0,0.4
"wtaesq","wtaesq;q0.167;c0.125;t0.4000","-3.261E-16","1","21","DOffer3",0,,,,,,,,,,,,,,,,,,,,,,,,,,,,,,,,,,,,,,,,,,,,,,,,,,,,,,,,,,,,,
"wtaesq","wtaesq;q0.167;c0.125;t0.4000","-3.261E-16","1","21","DOffer4",0,,,,,,,,,,,,,,,,,,,,,,,,,,,,,,,,,,,,,,,,,,,,,,,,,,,,,,,,,,,,,
"wtaesq","wtaesq;q0.167;c0.125;t0.4000","-3.261E-16","1","21","DOffer5",0,,,,,,,,,,,,,,,,,,,,,,,,,,,,,,,,,,,,,,,,,,,,,,,,,,,,,,,,,,,,,
"wtaesq","wtaesq;q0.167;c0.125;t0.4000","-3.261E-16","1","21","DOffer6",0,,,,,,,,,,,,,,,,,,,,,,,,,,,,,,,,,,,,,,,,,,,,,,,,,,,,,,,,,,,,,
"wtaesq","wtaesq;q0.167;c0.125;t0.4000","-3.261E-16","1","21","DOffer7",0,,,,,,,,,,,,,,,,,,,,,,,,,,,,,,,,,,,,,,,,,,,,,,,,,,,,,,,,,,,,,
"wtaesq","wtaesq;q0.167;c0.125;t0.4000","-3.261E-16","1","21","DOffer8",0,,,,,,,,,,,,,,,,,,,,,,,,,,,,,,,,,,,,,,,,,,,,,,,,,,,,,,,,,,,,,
"wtaesq","wtaesq;q0.167;c0.125;t0.4000","-3.261E-16","1","21","DOffer9",0,,,,,,,,,,,,,,,,,,,,,,,,,,,,,,,,,,,,,,,,,,,,,,,,,,,,,,,,,,,,,
"wtaesq","wtaesq;q0.167;c0.125;t0.4000","-3.261E-16","1","21","DOffer10",0,,,,,,,,,,,,,,,,,,,,,,,,,,,,,,,,,,,,,,,,,,,,,,,,,,,,,,,,,,,,,
"wtaesq","wtaesq;q0.167;c0.125;t0.4000","-3.261E-16","1","21","DOffer11",0,,,,,,,,,,,,,,,,,,,,,,,,,,,,,,,,,,,,,,,,,,,,,,,,,,,,,,,,,,,,,
"wtaesq","wtaesq;q0.167;c0.125;t0.4000","-3.261E-16","1","21","DOffer12",0,,,,,,,,,,,,,,,,,,,,,,,,,,,,,,,,,,,,,,,,,,,,,,,,,,,,,,,,,,,,,
"wtaesq","wtaesq;q0.167;c0.125;t0.4000","-3.261E-16","1","21","QualitySum1",0,,,,,,,,,,,,,,,,,,,,,,,,,,,,,,,,,,,,,,,,,,,,,,,,,,,,,,,,,,,,,
"wtaesq","wtaesq;q0.167;c0.125;t0.4000","-3.261E-16","1","21","QualitySum2",0,,,,,,,,,,,,,,,,,,,,,,,,,,,,,,,,,,,,,,,,,,,,,,,,,,,,,,,,,,,,,
"wtaesq","wtaesq;q0.167;c0.125;t0.4000","-3.261E-16","1","21","QualitySum3",0,,,,,,,,,,,,,,,,,,,,,,,,,,,,,,,,,,,,,,,,,,,,,,,,,,,,,,,,,,,,,
"wtaesq","wtaesq;q0.167;c0.125;t0.4000","-3.261E-16","1","21","QualitySum4",1,0,0,0.8,0.2,0,0,0,0,0,0.15,0.05,0.0058778,0.0766667,0.03,0.049778,0.16,0.16625,0.15375,0.011,0.049,0.0615,0.0615,0.09,0.5,0.5,0.06,0.06,-0.0025,0.8775,0.09,0.05,0.0775,0.8975,0.0775,0.8975,-0.05,-0.05,-0.5,0.166667,0.333333,0.333333,0.166667,0.166667,0.5,0.5,0.5,0.5,0.5,0.5,0.166667,0.5,1,0,0,0.5,0.5,0.166667,0.125,1,0,0.4
"wtaesq","wtaesq;q0.167;c0.125;t0.4000","-3.261E-16","1","21","QualitySum5",0,,,,,,,,,,,,,,,,,,,,,,,,,,,,,,,,,,,,,,,,,,,,,,,,,,,,,,,,,,,,,
"wtaesq","wtaesq;q0.167;c0.125;t0.4000","-3.261E-16","1","21","QualitySum6",0,,,,,,,,,,,,,,,,,,,,,,,,,,,,,,,,,,,,,,,,,,,,,,,,,,,,,,,,,,,,,
"wtaesq","wtaesq;q0.167;c0.125;t0.4000","-3.261E-16","1","21","QualitySum7",0,,,,,,,,,,,,,,,,,,,,,,,,,,,,,,,,,,,,,,,,,,,,,,,,,,,,,,,,,,,,,
"wtaesq","wtaesq;q0.167;c0.125;t0.4000","-3.261E-16","1","21","QualitySum8",0,,,,,,,,,,,,,,,,,,,,,,,,,,,,,,,,,,,,,,,,,,,,,,,,,,,,,,,,,,,,,
"wtaesq","wtaesq;q0.167;c0.125;t0.4000","-3.261E-16","1","21","QualitySum9",0,,,,,,,,,,,,,,,,,,,,,,,,,,,,,,,,,,,,,,,,,,,,,,,,,,,,,,,,,,,,,
"wtaesq","wtaesq;q0.167;c0.125;t0.4000","-3.261E-16","1","21","QualitySum10",0,,,,,,,,,,,,,,,,,,,,,,,,,,,,,,,,,,,,,,,,,,,,,,,,,,,,,,,,,,,,,
"wtaesq","wtaesq;q0.167;c0.125;t0.4000","-3.261E-16","1","21","QualitySum11",0,,,,,,,,,,,,,,,,,,,,,,,,,,,,,,,,,,,,,,,,,,,,,,,,,,,,,,,,,,,,,
"wtaesq","wtaesq;q0.167;c0.125;t0.4000","-3.261E-16","1","21","QualitySum12",0,,,,,,,,,,,,,,,,,,,,,,,,,,,,,,,,,,,,,,,,,,,,,,,,,,,,,,,,,,,,,
"wtaesq","wtaesq;q0.167;c0.125;t0.4000","-3.261E-16","1","21","QualitySum13",0,,,,,,,,,,,,,,,,,,,,,,,,,,,,,,,,,,,,,,,,,,,,,,,,,,,,,,,,,,,,,
"wtaesq","wtaesq;q0.167;c0.125;t0.4000","-3.261E-16","1","21","QualitySum14",0,,,,,,,,,,,,,,,,,,,,,,,,,,,,,,,,,,,,,,,,,,,,,,,,,,,,,,,,,,,,,
"wtaesq","wtaesq;q0.167;c0.125;t0.4000","-3.261E-16","1","21","QualitySum15",0,,,,,,,,,,,,,,,,,,,,,,,,,,,,,,,,,,,,,,,,,,,,,,,,,,,,,,,,,,,,,
"wtaesq","wtaesq;q0.167;c0.125;t0.4000","-3.261E-16","1","21","QualitySum16",0,,,,,,,,,,,,,,,,,,,,,,,,,,,,,,,,,,,,,,,,,,,,,,,,,,,,,,,,,,,,,
"wtaesq","wtaesq;q0.167;c0.125;t0.4000","-3.261E-16","1","21","QualitySum17",0,,,,,,,,,,,,,,,,,,,,,,,,,,,,,,,,,,,,,,,,,,,,,,,,,,,,,,,,,,,,,
"wtaesq","wtaesq;q0.167;c0.125;t0.4000","-3.261E-16","1","21","QualitySum18",0,,,,,,,,,,,,,,,,,,,,,,,,,,,,,,,,,,,,,,,,,,,,,,,,,,,,,,,,,,,,,
"wtaesq","wtaesq;q0.167;c0.125;t0.4000","-3.261E-16","1","21","QualitySum19",0,,,,,,,,,,,,,,,,,,,,,,,,,,,,,,,,,,,,,,,,,,,,,,,,,,,,,,,,,,,,,
"wtaesq","wtaesq;q0.167;c0.125;t0.4000","-3.261E-16","1","21","QualitySum20",0,,,,,,,,,,,,,,,,,,,,,,,,,,,,,,,,,,,,,,,,,,,,,,,,,,,,,,,,,,,,,
"wtaesq","wtaesq;q0.167;c0.125;t0.4000","-3.261E-16","1","21","PBestGuess1",0,,,,,,,,,,,,,,,,,,,,,,,,,,,,,,,,,,,,,,,,,,,,,,,,,,,,,,,,,,,,,
"wtaesq","wtaesq;q0.167;c0.125;t0.4000","-3.261E-16","1","21","PBestGuess2",0,,,,,,,,,,,,,,,,,,,,,,,,,,,,,,,,,,,,,,,,,,,,,,,,,,,,,,,,,,,,,
"wtaesq","wtaesq;q0.167;c0.125;t0.4000","-3.261E-16","1","21","PBestGuess3",0,,,,,,,,,,,,,,,,,,,,,,,,,,,,,,,,,,,,,,,,,,,,,,,,,,,,,,,,,,,,,
"wtaesq","wtaesq;q0.167;c0.125;t0.4000","-3.261E-16","1","21","PBestGuess4",0,,,,,,,,,,,,,,,,,,,,,,,,,,,,,,,,,,,,,,,,,,,,,,,,,,,,,,,,,,,,,
"wtaesq","wtaesq;q0.167;c0.125;t0.4000","-3.261E-16","1","21","PBestGuess5",0.2,0,0,1,0,0,0,0,0,0,0.05,0.05,0.0136111,0.116667,0.05,0.013611,0.116667,0.116667,0.116667,0.0025,0.05,0.05,0.05,0.05,0.5,0.5,0,0,-0.0625,0.9375,0.05,0.05,0.05,0.95,0.05,0.95,-0.05,-0.05,-0.5,0.166667,0.233333,0.333333,0.166667,0.166667,0.1,0.5,0.5,0.3,0.1,0.5,0.166667,0.5,1,0,0,0.5,0.5,0.166667,0.125,1,0,0.4
"wtaesq","wtaesq;q0.167;c0.125;t0.4000","-3.261E-16","1","21","PBestGuess6",0.2,0,0,1,0,0,0,0,0,0,0.05,0.05,0.0136111,0.116667,0.05,0.013611,0.116667,0.116667,0.116667,0.0025,0.05,0.05,0.05,0.05,0.5,0.5,0,0,-0.0625,0.9375,0.05,0.05,0.05,0.95,0.05,0.95,-0.05,-0.05,-0.5,0.166667,0.283333,0.333333,0.166667,0.166667,0.3,0.5,0.5,0.4,0.3,0.5,0.166667,0.5,1,0,0,0.5,0.5,0.166667,0.125,1,0,0.4
"wtaesq","wtaesq;q0.167;c0.125;t0.4000","-3.261E-16","1","21","PBestGuess7",0.2,0,0,1,0,0,0,0,0,0,0.05,0.05,0.0136111,0.116667,0.05,0.013611,0.116667,0.116667,0.116667,0.0025,0.05,0.05,0.05,0.05,0.5,0.5,0,0,-0.0625,0.9375,0.05,0.05,0.05,0.95,0.05,0.95,-0.05,-0.05,-0.5,0.166667,0.333333,0.333333,0.166667,0.166667,0.5,0.5,0.5,0.5,0.5,0.5,0.166667,0.5,1,0,0,0.5,0.5,0.166667,0.125,1,0,0.4
"wtaesq","wtaesq;q0.167;c0.125;t0.4000","-3.261E-16","1","21","PBestGuess8",0.2,0,0,1,0,0,0,0,0,0,0.05,0.05,0.0136111,0.116667,6.93889E-18,0.013611,0.116667,0.116667,0.116667,0.0475,0.095,0.095,0.095,0.05,0.5,0.5,0.05,0.05,-0.0125,0.8875,0.05,0.05,0.05,0.95,0.05,0.95,-0.05,-0.05,-0.5,0.166667,0.383333,0.333333,0.166667,0.166667,0.7,0.5,0.5,0.6,0.7,0.5,0.166667,0.5,1,0,0,0.5,0.5,0.166667,0.125,1,0,0.4
"wtaesq","wtaesq;q0.167;c0.125;t0.4000","-3.261E-16","1","21","PBestGuess9",0.2,0,0,0,1,0,0,0,0,0,0.55,0.05,0.0069444,0.0833333,0,0.194444,0.333333,0.364583,0.302083,0,0,0.0625,0.0625,0.25,0.5,0.5,0.25,0.25,0.1875,0.6875,0.25,,0.1875,0.6875,0.1875,0.6875,-0.05,-0.05,-0.5,0.166667,0.433333,0.333333,0.166667,0.166667,0.9,0.5,0.5,0.7,0.9,0.5,0.166667,0.5,1,0,0,0.5,0.5,0.166667,0.125,1,0,0.4
"wtaesq","wtaesq;q0.167;c0.125;t0.4000","-3.261E-16","1","21","PBestGuess10",0,,,,,,,,,,,,,,,,,,,,,,,,,,,,,,,,,,,,,,,,,,,,,,,,,,,,,,,,,,,,,
"wtaesq","wtaesq;q0.167;c0.125;t0.4000","-3.261E-16","1","21","PBestGuess11",0,,,,,,,,,,,,,,,,,,,,,,,,,,,,,,,,,,,,,,,,,,,,,,,,,,,,,,,,,,,,,
"wtaesq","wtaesq;q0.167;c0.125;t0.4000","-3.261E-16","1","21","PBestGuess12",0,,,,,,,,,,,,,,,,,,,,,,,,,,,,,,,,,,,,,,,,,,,,,,,,,,,,,,,,,,,,,
"wtaesq","wtaesq;q0.167;c0.125;t0.4000","-3.261E-16","1","21","PBestGuess13",0,,,,,,,,,,,,,,,,,,,,,,,,,,,,,,,,,,,,,,,,,,,,,,,,,,,,,,,,,,,,,
"wtaesq","wtaesq;q0.167;c0.125;t0.4000","-3.261E-16","1","21","PBestGuess14",0,,,,,,,,,,,,,,,,,,,,,,,,,,,,,,,,,,,,,,,,,,,,,,,,,,,,,,,,,,,,,
"wtaesq","wtaesq;q0.167;c0.125;t0.4000","-3.261E-16","1","21","PBestGuess15",0,,,,,,,,,,,,,,,,,,,,,,,,,,,,,,,,,,,,,,,,,,,,,,,,,,,,,,,,,,,,,
"wtaesq","wtaesq;q0.167;c0.125;t0.4000","-3.261E-16","1","21","PBestGuess16",0,,,,,,,,,,,,,,,,,,,,,,,,,,,,,,,,,,,,,,,,,,,,,,,,,,,,,,,,,,,,,
"wtaesq","wtaesq;q0.167;c0.125;t0.4000","-3.261E-16","1","21","PBestGuess17",0,,,,,,,,,,,,,,,,,,,,,,,,,,,,,,,,,,,,,,,,,,,,,,,,,,,,,,,,,,,,,
"wtaesq","wtaesq;q0.167;c0.125;t0.4000","-3.261E-16","1","21","PBestGuess18",0,,,,,,,,,,,,,,,,,,,,,,,,,,,,,,,,,,,,,,,,,,,,,,,,,,,,,,,,,,,,,
"wtaesq","wtaesq;q0.167;c0.125;t0.4000","-3.261E-16","1","21","PBestGuess19",0,,,,,,,,,,,,,,,,,,,,,,,,,,,,,,,,,,,,,,,,,,,,,,,,,,,,,,,,,,,,,
"wtaesq","wtaesq;q0.167;c0.125;t0.4000","-3.261E-16","1","21","PBestGuess20",0,,,,,,,,,,,,,,,,,,,,,,,,,,,,,,,,,,,,,,,,,,,,,,,,,,,,,,,,,,,,,
"wtaesq","wtaesq;q0.167;c0.125;t0.4000","-3.261E-16","1","21","DBestGuess1",0,,,,,,,,,,,,,,,,,,,,,,,,,,,,,,,,,,,,,,,,,,,,,,,,,,,,,,,,,,,,,
"wtaesq","wtaesq;q0.167;c0.125;t0.4000","-3.261E-16","1","21","DBestGuess2",0,,,,,,,,,,,,,,,,,,,,,,,,,,,,,,,,,,,,,,,,,,,,,,,,,,,,,,,,,,,,,
"wtaesq","wtaesq;q0.167;c0.125;t0.4000","-3.261E-16","1","21","DBestGuess3",0,,,,,,,,,,,,,,,,,,,,,,,,,,,,,,,,,,,,,,,,,,,,,,,,,,,,,,,,,,,,,
"wtaesq","wtaesq;q0.167;c0.125;t0.4000","-3.261E-16","1","21","DBestGuess4",0,,,,,,,,,,,,,,,,,,,,,,,,,,,,,,,,,,,,,,,,,,,,,,,,,,,,,,,,,,,,,
"wtaesq","wtaesq;q0.167;c0.125;t0.4000","-3.261E-16","1","21","DBestGuess5",0.2,0,0,0.8,0.2,0,0,0,0,0,0.15,0.05,0.0160444,0.126667,0.04,0.016444,0.126667,0.139167,0.114167,0.002,0.04,0.0525,0.0525,0.04,0.5,0.5,0,0,-0.0625,0.9375,0.04,0.05,0.0275,0.9475,0.0275,0.9475,-0.05,-0.05,-0.5,0.166667,0.333333,0.233333,0.166667,0.166667,0.5,0.1,0.5,0.3,0.5,0.1,0.166667,0.5,1,0,0,0.5,0.5,0.166667,0.125,1,0,0.4
"wtaesq","wtaesq;q0.167;c0.125;t0.4000","-3.261E-16","1","21","DBestGuess6",0.2,0,0,0.8,0.2,0,0,0,0,0,0.15,0.05,0.0160444,0.126667,0.04,0.016444,0.126667,0.139167,0.114167,0.002,0.04,0.0525,0.0525,0.04,0.5,0.5,0,0,-0.0625,0.9375,0.04,0.05,0.0275,0.9475,0.0275,0.9475,-0.05,-0.05,-0.5,0.166667,0.333333,0.283333,0.166667,0.166667,0.5,0.3,0.5,0.4,0.5,0.3,0.166667,0.5,1,0,0,0.5,0.5,0.166667,0.125,1,0,0.4
"wtaesq","wtaesq;q0.167;c0.125;t0.4000","-3.261E-16","1","21","DBestGuess7",0.2,0,0,0.8,0.2,0,0,0,0,0,0.15,0.05,0.0160444,0.126667,0.04,0.016444,0.126667,0.139167,0.114167,0.002,0.04,0.0525,0.0525,0.04,0.5,0.5,0,0,-0.0625,0.9375,0.04,0.05,0.0275,0.9475,0.0275,0.9475,-0.05,-0.05,-0.5,0.166667,0.333333,0.333333,0.166667,0.166667,0.5,0.5,0.5,0.5,0.5,0.5,0.166667,0.5,1,0,0,0.5,0.5,0.166667,0.125,1,0,0.4
"wtaesq","wtaesq;q0.167;c0.125;t0.4000","-3.261E-16","1","21","DBestGuess8",0.2,0,0,0.8,0.2,0,0,0,0,0,0.15,0.05,0.0058778,0.0766667,0.04,0.049778,0.16,0.16625,0.15375,0.002,0.04,0.0525,0.0525,0.09,0.5,0.5,0.05,0.05,-0.0125,0.8875,0.09,0.05,0.0775,0.8975,0.0775,0.8975,-0.05,-0.05,-0.5,0.166667,0.333333,0.383333,0.166667,0.166667,0.5,0.7,0.5,0.6,0.5,0.7,0.166667,0.5,1,0,0,0.5,0.5,0.166667,0.125,1,0,0.4
"wtaesq","wtaesq;q0.167;c0.125;t0.4000","-3.261E-16","1","21","DBestGuess9",0.2,0,0,0.8,0.2,0,0,0,0,0,0.15,0.05,0.0053778,0.0733333,0.01,0.149778,0.26,0.2475,0.2725,0.047,0.085,0.0975,0.0975,0.24,0.5,0.5,0.25,0.25,0.1875,0.6875,0.24,0.05,0.2275,0.7475,0.2275,0.7475,-0.05,-0.05,-0.5,0.166667,0.333333,0.433333,0.166667,0.166667,0.5,0.9,0.5,0.7,0.5,0.9,0.166667,0.5,1,0,0,0.5,0.5,0.166667,0.125,1,0,0.4
"wtaesq","wtaesq;q0.167;c0.125;t0.4000","-3.261E-16","1","21","DBestGuess10",0,,,,,,,,,,,,,,,,,,,,,,,,,,,,,,,,,,,,,,,,,,,,,,,,,,,,,,,,,,,,,
"wtaesq","wtaesq;q0.167;c0.125;t0.4000","-3.261E-16","1","21","DBestGuess11",0,,,,,,,,,,,,,,,,,,,,,,,,,,,,,,,,,,,,,,,,,,,,,,,,,,,,,,,,,,,,,
"wtaesq","wtaesq;q0.167;c0.125;t0.4000","-3.261E-16","1","21","DBestGuess12",0,,,,,,,,,,,,,,,,,,,,,,,,,,,,,,,,,,,,,,,,,,,,,,,,,,,,,,,,,,,,,
"wtaesq","wtaesq;q0.167;c0.125;t0.4000","-3.261E-16","1","21","DBestGuess13",0,,,,,,,,,,,,,,,,,,,,,,,,,,,,,,,,,,,,,,,,,,,,,,,,,,,,,,,,,,,,,
"wtaesq","wtaesq;q0.167;c0.125;t0.4000","-3.261E-16","1","21","DBestGuess14",0,,,,,,,,,,,,,,,,,,,,,,,,,,,,,,,,,,,,,,,,,,,,,,,,,,,,,,,,,,,,,
"wtaesq","wtaesq;q0.167;c0.125;t0.4000","-3.261E-16","1","21","DBestGuess15",0,,,,,,,,,,,,,,,,,,,,,,,,,,,,,,,,,,,,,,,,,,,,,,,,,,,,,,,,,,,,,
"wtaesq","wtaesq;q0.167;c0.125;t0.4000","-3.261E-16","1","21","DBestGuess16",0,,,,,,,,,,,,,,,,,,,,,,,,,,,,,,,,,,,,,,,,,,,,,,,,,,,,,,,,,,,,,
"wtaesq","wtaesq;q0.167;c0.125;t0.4000","-3.261E-16","1","21","DBestGuess17",0,,,,,,,,,,,,,,,,,,,,,,,,,,,,,,,,,,,,,,,,,,,,,,,,,,,,,,,,,,,,,
"wtaesq","wtaesq;q0.167;c0.125;t0.4000","-3.261E-16","1","21","DBestGuess18",0,,,,,,,,,,,,,,,,,,,,,,,,,,,,,,,,,,,,,,,,,,,,,,,,,,,,,,,,,,,,,
"wtaesq","wtaesq;q0.167;c0.125;t0.4000","-3.261E-16","1","21","DBestGuess19",0,,,,,,,,,,,,,,,,,,,,,,,,,,,,,,,,,,,,,,,,,,,,,,,,,,,,,,,,,,,,,
"wtaesq","wtaesq;q0.167;c0.125;t0.4000","-3.261E-16","1","21","DBestGuess20",0,,,,,,,,,,,,,,,,,,,,,,,,,,,,,,,,,,,,,,,,,,,,,,,,,,,,,,,,,,,,,
